T,TEMP1,TEMP2,TEMP3,LOAD,PRESSURE,VALVE
0.0,23.64,25.46,24.17,-0.00,0.49,0
0.1,24.43,24.69,24.43,-0.01,0.49,0
0.2,24.17,24.17,25.20,-0.00,0.49,0
0.2,24.17,24.95,24.43,-0.00,0.49,0
0.3,24.17,25.20,24.43,-0.00,0.49,0
0.4,24.17,25.71,24.17,-0.00,0.49,0
0.5,24.17,25.71,24.43,-0.01,0.50,0
0.6,23.91,25.71,24.43,-0.01,0.49,0
0.7,23.91,25.71,24.43,-0.01,0.49,0
0.8,23.91,24.69,24.43,-0.00,0.49,0
0.9,24.17,24.95,24.43,-0.01,0.49,0
1.0,24.17,24.95,24.17,-0.01,0.49,0
1.1,24.17,25.20,24.17,-0.01,0.49,0
1.2,24.17,25.20,24.17,-0.01,0.49,0
1.3,24.43,25.46,23.10,-0.00,0.49,0
1.4,23.37,25.46,21.44,0.00,0.49,0
1.4,24.43,24.69,24.17,-0.01,0.49,0
1.5,23.91,25.20,24.43,-0.01,0.49,0
1.6,23.91,24.69,26.20,-0.02,0.49,0
1.7,23.91,24.69,23.91,-0.01,0.49,0
1.8,24.95,25.20,23.91,-0.00,0.49,0
1.9,23.91,24.69,25.96,0.00,0.49,0
2.0,24.17,25.20,24.17,-0.00,0.49,0
2.1,24.17,24.69,24.17,-0.01,0.49,0
2.2,24.17,24.69,24.17,-0.00,0.49,0
2.3,23.37,25.71,23.91,-0.02,0.49,0
2.4,24.17,25.20,24.43,-0.01,0.49,0
2.5,23.91,24.95,24.43,-0.00,0.49,0
2.5,23.91,25.20,24.43,-0.01,0.49,0
2.6,24.17,24.43,24.17,-0.01,0.49,0
2.7,24.17,24.17,25.20,-0.02,0.49,0
2.8,23.91,24.69,24.17,-0.01,0.49,0
2.9,23.91,25.20,24.17,0.00,0.49,0
3.0,24.17,24.95,24.43,0.00,0.49,0
3.1,23.64,25.20,24.43,-0.01,0.49,0
3.2,24.17,24.69,24.17,-0.01,0.49,0
3.3,23.64,25.20,24.69,-0.01,0.49,0
3.4,23.64,24.95,24.69,-0.01,0.48,0
3.5,24.43,25.46,26.20,-0.01,0.49,0
3.6,24.17,24.69,24.17,-0.01,0.49,0
3.6,23.91,24.95,23.64,-0.01,0.49,0
3.7,24.17,23.91,25.71,-0.01,0.49,0
3.8,24.17,24.95,23.91,-0.01,0.49,0
3.9,25.20,24.69,24.17,-0.00,0.49,0
4.0,24.17,24.69,24.43,-0.01,0.49,0
4.1,24.17,24.69,24.69,-0.01,0.49,0
4.2,24.43,24.69,23.37,-0.01,0.49,0
4.3,24.17,25.46,25.96,-0.00,0.49,0
4.4,24.17,24.43,22.56,-0.01,0.49,0
4.5,24.17,24.17,24.43,-0.02,0.49,0
4.6,24.17,24.43,21.72,-0.01,0.49,0
4.7,24.17,25.20,22.83,-0.01,0.49,0
4.8,23.64,24.17,24.43,-0.01,0.49,0
4.8,24.17,24.69,24.43,-0.00,0.49,0
4.9,23.64,24.95,24.17,0.00,0.49,0
5.0,23.91,25.20,24.43,-0.01,0.49,0
5.1,23.91,24.69,24.43,-0.01,0.49,0
5.2,23.91,24.95,24.17,0.00,0.49,0
5.3,23.91,25.20,24.95,-0.00,0.49,0
5.4,24.17,25.20,24.17,-0.00,0.49,0
5.5,24.95,24.17,24.43,-0.01,0.49,0
5.6,24.17,24.69,25.46,-0.01,0.49,0
5.7,24.17,25.71,24.17,-0.01,0.49,0
5.8,24.17,25.20,24.43,-0.01,0.49,0
5.9,24.17,23.64,22.83,-0.01,0.49,0
5.9,24.17,24.43,24.17,0.01,0.49,0
6.0,24.69,25.71,24.43,0.00,0.49,0
6.1,24.17,24.95,24.43,-0.00,0.49,0
6.2,24.43,24.69,25.71,-0.01,0.49,0
6.3,23.91,24.43,22.28,-0.00,0.49,0
6.4,24.17,24.69,24.17,-0.00,0.49,0
6.5,23.37,26.45,25.46,-0.01,0.49,0
6.6,24.17,24.95,24.17,-0.00,0.49,0
6.7,23.91,24.69,26.20,-0.01,0.49,0
6.8,24.17,24.43,22.83,-0.02,0.49,0
6.9,24.17,25.20,23.91,-0.01,0.49,0
7.0,24.17,24.43,24.17,-0.01,0.49,0
7.1,23.37,25.71,24.95,-0.01,0.49,0
7.1,23.91,23.64,24.43,-0.01,0.49,0
7.2,24.69,24.69,24.43,-0.01,0.49,0
7.3,24.17,24.17,23.91,-0.01,0.50,0
7.4,24.17,24.95,23.37,-0.01,0.49,0
7.5,24.17,24.69,23.91,-0.00,0.49,0
7.6,23.64,24.69,24.17,-0.00,0.49,0
7.7,24.17,25.46,24.17,-0.01,0.49,0
7.8,23.91,24.17,21.72,-0.01,0.49,0
7.9,24.17,24.17,23.64,0.00,0.49,0
8.0,24.17,24.95,24.43,0.00,0.49,0
8.1,23.10,24.69,24.43,-0.01,0.49,0
8.2,24.69,24.69,24.17,-0.01,0.49,0
8.2,24.43,24.43,24.43,-0.01,0.49,0
8.3,24.17,23.91,24.17,-0.00,0.49,0
8.4,24.17,24.43,23.10,-0.00,0.49,0
8.5,24.17,24.95,23.91,-0.00,0.49,0
8.6,24.17,24.43,24.43,-0.00,0.49,0
8.7,23.91,24.43,24.43,-0.01,0.49,0
8.8,24.95,24.69,22.56,-0.01,0.49,0
8.9,24.17,25.46,24.43,-0.00,0.49,0
9.0,24.43,25.20,24.69,-0.01,0.49,0
9.1,25.46,24.69,25.96,-0.01,0.49,0
9.2,23.91,24.69,24.17,-0.01,0.49,0
9.3,23.91,24.43,23.91,-0.01,0.49,0
9.3,24.17,25.20,24.43,-0.01,0.49,0
9.4,24.43,24.69,24.43,-0.01,0.49,0
9.5,23.64,23.37,24.69,-0.00,0.49,0
9.6,24.69,26.70,24.43,-0.00,0.49,0
9.7,24.17,24.95,25.20,-0.01,0.49,0
9.8,23.64,24.95,24.43,-0.02,0.49,0
9.9,24.17,24.69,24.43,-0.01,0.49,0
10.0,24.17,24.69,24.43,-0.01,0.49,0
10.1,24.43,24.17,23.91,-0.01,0.49,0
10.2,23.91,24.69,24.43,-0.01,0.49,0
10.3,23.91,25.71,24.17,-0.02,0.49,0
10.4,23.91,25.71,24.43,-0.01,0.49,0
10.5,24.17,24.95,23.37,-0.00,0.49,0
10.5,24.17,24.69,24.43,-0.01,0.49,0
10.6,24.17,24.95,24.43,-0.00,0.49,0
10.7,24.17,23.10,24.69,-0.00,0.49,0
10.8,24.17,25.46,24.17,-0.00,0.49,0
10.9,23.64,23.64,24.43,-0.00,0.49,0
11.0,24.17,24.69,24.43,-0.01,0.49,0
11.1,23.64,24.69,24.69,-0.03,0.49,0
11.2,24.17,25.71,24.43,-0.02,0.49,0
11.3,24.17,24.69,22.56,-0.02,0.49,0
11.4,24.17,24.43,22.83,-0.01,0.49,0
11.5,23.91,25.46,24.69,-0.01,0.49,0
11.6,24.17,24.69,24.95,-0.01,0.49,0
11.7,23.64,26.70,26.45,-0.01,0.49,0
11.7,24.69,24.69,23.64,-0.01,0.49,0
11.8,24.43,24.17,25.20,-0.01,0.49,0
11.9,24.43,23.64,24.17,-0.01,0.49,0
12.0,23.64,24.69,24.43,-0.01,0.49,0
12.1,24.17,25.46,24.43,-0.01,0.49,0
12.2,24.17,24.95,24.17,-0.01,0.49,0
12.3,24.95,25.20,24.43,-0.00,0.49,0
12.4,24.43,24.69,24.43,-0.00,0.49,0
12.5,23.91,24.69,24.43,-0.01,0.49,0
12.6,23.64,22.83,26.45,-0.01,0.49,0
12.7,24.95,24.69,24.69,-0.00,0.48,0
12.7,23.64,24.69,24.95,-0.01,0.49,0
12.8,24.43,25.20,24.43,-0.01,0.49,0
12.9,25.20,25.96,24.43,-0.01,0.49,0
13.0,23.91,24.43,25.46,0.00,0.49,0
13.1,23.64,24.17,24.43,-0.01,0.49,0
13.2,24.17,24.69,24.43,-0.02,0.49,0
13.3,24.17,24.95,23.91,-0.01,0.49,0
13.4,24.17,23.91,24.69,-0.01,0.49,0
13.5,24.43,24.69,24.17,-0.01,0.49,0
13.6,24.17,24.69,24.43,-0.02,0.49,0
13.7,23.91,24.69,23.91,-0.01,0.49,0
13.8,23.64,25.71,25.20,-0.01,0.49,0
13.9,24.17,24.69,24.43,-0.02,0.49,0
13.9,23.91,24.95,23.91,-0.01,0.49,0
14.0,24.17,24.43,24.17,-0.00,0.49,0
14.1,24.17,24.95,24.43,-0.00,0.49,0
14.2,23.91,24.95,24.17,-0.01,0.49,0
14.3,25.20,24.69,24.43,-0.01,0.49,0
14.4,24.43,23.91,24.43,-0.01,0.49,0
14.5,23.91,25.71,25.71,-0.02,0.49,0
14.6,24.17,24.69,24.43,-0.03,0.49,0
14.7,24.17,24.95,24.43,-0.02,0.49,0
14.8,24.17,24.69,24.43,-0.00,0.49,0
14.9,24.17,24.95,24.69,-0.01,0.49,0
15.0,24.17,24.69,24.43,-0.01,0.49,0
15.0,23.64,24.69,25.96,-0.01,0.49,0
15.1,24.43,24.43,24.43,-0.01,0.49,0
15.2,24.17,24.95,23.91,-0.01,0.49,0
15.3,24.17,24.95,24.69,-0.01,0.49,0
15.4,24.43,24.95,25.20,-0.01,0.49,0
15.5,24.17,24.95,24.43,-0.01,0.49,0
15.6,24.69,24.69,24.17,-0.01,0.49,0
15.7,23.91,24.95,24.69,-0.01,0.50,0
15.8,24.43,24.95,22.83,-0.01,0.49,0
15.9,24.95,25.46,24.17,-0.01,0.49,0
16.0,24.95,24.69,24.17,-0.01,0.49,0
16.1,25.20,25.71,24.69,-0.01,0.49,0
16.1,23.64,25.20,24.17,-0.01,0.49,0
16.2,24.17,24.69,23.37,-0.01,0.49,0
16.3,24.17,24.95,23.91,-0.02,0.49,0
16.4,24.17,24.69,24.17,-0.01,0.49,0
16.5,23.64,24.69,24.69,-0.01,0.49,0
16.6,23.91,24.95,23.64,-0.02,0.49,0
16.7,23.91,24.69,24.43,-0.01,0.49,0
16.8,24.17,24.69,24.43,-0.01,0.49,0
16.9,24.69,25.46,24.43,-0.02,0.49,0
17.0,24.43,24.95,24.17,-0.00,0.49,0
17.1,24.17,25.20,24.43,-0.00,0.49,0
17.2,23.37,25.20,24.43,-0.01,0.49,0
17.3,24.43,24.69,27.18,-0.01,0.49,0
17.3,23.91,24.69,24.43,-0.02,0.49,0
17.4,24.43,24.17,24.43,-0.02,0.49,0
17.5,23.91,24.95,24.43,-0.02,0.49,0
17.6,24.17,25.20,24.95,-0.01,0.49,0
17.7,24.43,25.71,24.17,-0.01,0.49,0
17.8,24.43,25.46,24.69,-0.01,0.49,0
17.9,23.64,24.43,24.17,-0.01,0.50,0
18.0,24.17,26.20,24.17,-0.00,0.50,0
18.1,24.43,25.20,24.43,0.00,0.49,0
18.2,24.17,25.20,24.43,-0.01,0.49,0
18.3,24.43,25.46,24.17,-0.01,0.49,0
18.4,24.43,24.69,24.43,-0.01,0.49,0
18.4,24.69,25.71,24.17,-0.01,0.49,0
18.5,24.17,26.20,24.69,-0.01,0.49,0
18.6,23.91,25.20,24.17,-0.01,0.49,0
18.7,24.17,24.69,24.43,-0.01,0.49,0
18.8,24.43,25.20,24.69,-0.01,0.50,0
18.9,24.17,24.95,24.69,-0.01,0.49,0
19.0,23.64,24.95,24.43,-0.01,0.49,0
19.1,24.69,25.46,24.43,-0.01,0.49,0
19.2,24.17,24.95,24.43,-0.02,0.49,0
19.3,23.64,25.46,24.17,-0.03,0.49,0
19.4,24.43,25.96,25.71,-0.02,0.49,0
19.5,25.20,24.95,24.69,-0.01,0.49,0
19.5,24.43,25.71,23.91,-0.01,0.49,0
19.6,24.43,25.20,23.37,-0.02,0.49,0
19.7,24.17,24.95,24.95,-0.02,0.49,0
19.8,24.17,25.46,23.64,-0.02,0.49,0
19.9,23.91,24.95,23.37,-0.01,0.49,0
20.0,23.91,24.95,24.69,-0.01,0.49,0
20.1,24.95,25.20,24.43,-0.01,0.49,0
20.2,24.17,25.46,25.46,-0.02,0.49,0
20.3,24.17,25.71,24.43,-0.01,0.49,0
20.4,24.43,24.95,24.43,-0.01,0.49,0
20.5,24.17,25.20,24.43,-0.02,0.49,0
20.6,24.43,24.43,24.43,-0.03,0.49,0
20.7,24.69,25.46,24.43,-0.03,0.49,0
20.7,23.91,24.95,24.43,-0.02,0.49,0
20.8,24.43,25.20,24.43,-0.02,0.49,0
20.9,24.43,25.20,22.56,-0.01,0.49,0
21.0,24.17,25.20,24.17,-0.01,0.49,0
21.1,24.17,25.20,24.69,-0.02,0.49,0
21.2,23.91,25.46,24.69,-0.02,0.49,0
21.3,24.43,25.46,23.37,-0.02,0.49,0
21.4,23.91,25.20,24.43,-0.02,0.49,0
21.5,24.43,25.71,26.20,-0.03,0.49,0
21.6,24.95,26.45,24.17,-0.03,0.49,0
21.7,24.43,25.46,24.69,-0.02,0.49,0
21.8,24.43,25.96,24.43,-0.03,0.49,0
21.9,24.69,25.46,24.69,-0.02,0.49,0
21.9,24.43,25.20,24.43,-0.01,0.49,0
22.0,23.91,25.46,26.45,-0.01,0.49,0
22.1,24.69,25.46,24.69,-0.02,0.49,0
22.2,24.43,25.46,25.96,-0.02,0.49,0
22.3,24.95,25.46,24.69,-0.02,0.49,0
22.4,24.43,25.46,24.17,-0.02,0.49,0
22.5,24.95,25.20,24.43,-0.02,0.49,0
22.6,24.95,25.20,24.17,-0.02,0.49,0
22.7,24.43,25.71,24.69,-0.02,0.49,0
22.8,24.43,25.20,24.43,-0.02,0.49,0
22.9,24.17,26.70,24.43,-0.01,0.49,0
22.9,24.43,25.96,24.69,-0.02,0.49,0
23.0,23.64,25.71,24.43,-0.02,0.49,0
23.1,24.43,25.71,24.17,-0.02,0.49,0
23.2,25.20,25.71,24.69,-0.02,0.49,0
23.3,24.43,25.96,24.95,-0.02,0.49,0
23.4,24.17,25.46,23.37,-0.02,0.49,0
23.5,24.17,26.20,24.43,-0.01,0.49,0
23.6,25.46,26.20,24.43,-0.01,0.49,0
23.7,25.20,25.96,24.17,-0.01,0.49,0
23.8,23.91,25.96,22.83,-0.02,0.49,0
23.9,23.64,26.45,24.69,-0.02,0.49,0
24.0,24.17,26.94,25.20,-0.02,0.49,0
24.0,24.17,25.96,24.69,-0.02,0.49,0
24.1,24.43,27.18,24.69,-0.02,0.49,0
24.2,25.20,25.71,23.91,-0.02,0.49,0
24.3,24.43,26.45,24.69,-0.02,0.49,0
24.4,23.64,26.20,25.71,-0.02,0.49,0
24.5,24.69,25.46,24.69,-0.02,0.49,0
24.6,24.17,25.20,24.43,-0.02,0.49,0
24.7,24.69,25.71,24.95,-0.03,0.49,0
24.8,24.17,25.71,24.69,-0.03,0.49,0
24.9,24.69,27.18,24.43,-0.02,0.49,0
25.0,24.17,25.71,24.69,-0.02,0.49,0
25.1,24.43,25.20,24.43,-0.02,0.49,0
25.2,24.17,25.96,24.69,-0.02,0.49,0
25.2,24.69,26.20,24.43,-0.01,0.49,0
25.3,24.43,25.20,24.43,-0.01,0.49,0
25.4,23.10,25.96,24.43,-0.02,0.49,0
25.5,23.64,25.71,24.69,-0.02,0.49,0
25.6,24.43,24.69,23.10,-0.02,0.49,0
25.7,25.46,26.20,24.69,-0.03,0.49,0
25.8,24.43,25.96,26.45,-0.02,0.49,0
25.9,23.91,26.94,24.95,-0.02,0.49,0
26.0,24.43,25.46,24.43,-0.01,0.49,0
26.1,24.43,25.71,24.43,-0.01,0.49,0
26.2,24.69,26.45,24.69,-0.02,0.49,0
26.3,24.95,25.71,24.43,-0.03,0.49,0
26.3,24.43,26.20,24.69,-0.03,0.49,0
26.4,24.43,26.20,22.83,-0.02,0.49,0
26.5,24.43,25.71,24.43,-0.02,0.49,0
26.6,24.17,26.20,24.43,-0.01,0.49,0
26.7,24.17,25.96,23.10,-0.01,0.49,0
26.8,24.43,25.71,24.69,-0.02,0.49,0
26.9,24.17,25.46,23.64,-0.02,0.49,0
27.0,24.17,25.71,23.37,-0.02,0.49,0
27.1,24.43,25.46,24.43,-0.02,0.49,0
27.2,24.43,26.20,23.37,-0.02,0.49,0
27.3,24.43,26.20,24.69,-0.00,0.49,0
27.4,25.46,27.89,24.69,-0.01,0.49,0
27.5,25.20,26.94,24.95,-0.01,0.49,0
27.5,24.43,26.20,24.43,-0.01,0.49,0
27.6,24.43,25.96,24.69,-0.02,0.49,0
27.7,25.46,27.18,24.43,-0.02,0.49,0
27.8,25.46,25.96,24.69,-0.01,0.49,0
27.9,24.69,26.20,24.69,-0.02,0.49,0
28.0,24.69,27.42,24.43,-0.02,0.49,0
28.1,24.43,26.45,25.46,-0.01,0.49,0
28.2,24.43,25.96,24.95,-0.02,0.49,0
28.3,24.43,26.20,24.69,-0.02,0.50,0
28.4,23.91,26.20,25.20,-0.02,0.49,0
28.5,24.95,26.45,24.95,-0.02,0.49,0
28.6,24.95,25.20,24.69,-0.03,0.49,0
28.6,25.20,27.18,24.43,-0.02,0.49,0
28.7,24.43,25.96,24.43,-0.02,0.49,0
28.8,24.95,25.96,24.69,-0.02,0.49,0
28.9,25.46,27.18,23.37,-0.02,0.49,0
29.0,24.43,26.20,24.69,-0.02,0.49,0
29.1,24.43,25.71,24.69,-0.02,0.49,0
29.2,23.64,26.20,26.45,-0.02,0.49,0
29.3,24.17,26.20,24.69,-0.02,0.49,0
29.4,24.43,25.71,24.69,-0.03,0.49,0
29.5,24.43,26.20,23.91,-0.03,0.49,0
29.6,24.69,26.45,24.69,-0.02,0.49,0
29.7,23.91,27.18,22.56,-0.02,0.49,0
29.7,24.69,26.20,21.72,-0.03,0.49,0
29.8,25.46,26.20,24.69,-0.02,0.49,0
29.9,24.43,26.94,25.46,-0.02,0.49,0
30.0,24.43,27.18,24.43,-0.02,0.49,0
30.1,24.43,26.20,24.95,-0.02,0.49,0
30.2,25.20,25.71,22.56,-0.02,0.49,0
30.3,24.69,26.20,24.43,-0.02,0.49,0
30.4,24.95,25.71,24.69,-0.02,0.49,0
30.5,24.43,25.96,24.69,-0.02,0.49,0
30.6,24.43,26.70,24.69,-0.02,0.49,0
30.7,24.43,26.20,24.69,-0.02,0.49,0
30.8,24.95,26.45,24.17,-0.02,0.49,0
30.9,24.69,25.46,22.28,-0.01,0.49,0
30.9,25.46,26.45,24.95,-0.02,0.49,0
31.0,24.69,26.70,25.46,-0.02,0.49,0
31.1,23.64,27.18,24.95,-0.01,0.49,0
31.2,25.46,27.18,25.20,-0.01,0.49,0
31.3,24.69,25.46,24.17,-0.01,0.49,0
31.4,24.69,26.20,24.69,-0.02,0.49,0
31.5,24.69,26.20,24.69,-0.03,0.49,0
31.6,24.43,27.18,24.95,-0.03,0.49,0
31.7,23.91,26.45,24.69,-0.02,0.49,0
31.8,24.95,26.94,24.69,-0.03,0.49,0
31.9,24.69,26.70,24.43,-0.03,0.49,0
32.0,24.69,26.70,25.96,-0.02,0.49,0
32.1,24.95,26.20,24.95,-0.02,0.49,0
32.1,23.91,26.20,24.43,-0.01,0.49,0
32.2,24.69,26.94,24.69,-0.01,0.49,0
32.3,24.69,26.45,24.69,-0.01,0.49,0
32.4,24.69,26.45,24.43,-0.02,0.49,0
32.5,24.69,27.89,24.17,-0.03,0.49,0
32.6,24.69,26.20,24.69,-0.03,0.49,0
32.7,24.69,26.45,24.69,-0.02,0.49,0
32.8,24.69,26.45,24.17,-0.02,0.49,0
32.9,24.69,26.70,25.71,-0.02,0.49,0
33.0,25.20,26.45,24.69,-0.03,0.49,0
33.1,24.43,26.45,24.95,-0.02,0.49,0
33.1,25.20,26.20,24.69,-0.02,0.49,0
33.2,25.96,27.42,24.95,-0.02,0.49,0
33.3,25.20,27.42,25.46,-0.02,0.49,0
33.4,24.43,26.20,24.69,-0.02,0.49,0
33.5,24.43,26.20,25.71,-0.02,0.49,0
33.6,23.37,26.94,24.95,-0.02,0.49,0
33.7,24.69,25.96,24.69,-0.03,0.49,0
33.8,24.69,26.45,24.43,-0.02,0.49,0
33.9,24.69,26.45,24.69,-0.02,0.49,0
34.0,23.91,26.94,24.69,-0.03,0.49,0
34.1,24.43,25.96,24.69,-0.03,0.49,0
34.2,25.20,26.70,25.96,-0.03,0.49,0
34.2,24.95,26.20,24.69,-0.03,0.49,0
34.3,24.69,25.96,24.69,-0.02,0.49,0
34.4,24.69,26.45,24.69,-0.02,0.49,0
34.6,24.69,26.45,23.64,-0.02,0.49,0
34.6,25.20,26.94,25.20,-0.02,0.49,0
34.7,24.69,26.45,24.43,-0.03,0.49,0
34.8,25.20,25.96,24.43,-0.03,0.49,0
34.9,26.20,26.20,22.83,-0.03,0.49,0
35.0,24.69,26.20,24.95,-0.02,0.49,0
35.1,24.43,25.71,24.69,-0.03,0.49,0
35.2,24.69,27.18,24.95,-0.02,0.49,0
35.3,24.69,26.45,24.95,-0.01,0.49,0
35.4,24.95,26.20,24.43,-0.01,0.49,0
35.4,23.91,26.70,24.69,-0.02,0.49,0
35.5,24.69,26.20,24.69,-0.03,0.49,0
35.6,24.69,26.94,24.95,-0.03,0.49,0
35.7,24.69,26.20,24.69,-0.02,0.49,0
35.8,24.69,26.20,24.69,-0.02,0.50,0
35.9,25.20,25.71,24.69,-0.02,0.49,0
36.0,24.95,27.18,24.43,-0.02,0.49,0
36.1,24.69,25.96,24.69,-0.02,0.49,0
36.2,25.46,27.42,25.20,-0.02,0.49,0
36.3,23.91,26.20,23.64,-0.02,0.49,0
36.4,24.69,25.96,24.43,-0.02,0.49,0
36.5,24.43,27.18,24.69,-0.02,0.49,0
36.5,24.43,26.20,24.43,-0.03,0.49,0
36.6,24.43,26.20,24.95,-0.02,0.49,0
36.7,25.71,26.45,24.69,-0.03,0.49,0
36.8,25.20,25.96,25.20,-0.02,0.49,0
36.9,25.20,25.96,24.95,-0.02,0.49,0
37.0,24.43,25.46,23.37,-0.03,0.49,0
37.1,24.69,26.70,26.20,-0.02,0.49,0
37.2,24.69,26.45,24.95,-0.02,0.49,0
37.3,25.20,26.45,24.95,-0.03,0.49,0
37.4,24.95,26.20,23.64,-0.03,0.50,0
37.5,24.69,26.20,24.95,-0.02,0.49,0
37.6,24.69,26.70,24.69,-0.02,0.49,0
37.7,24.95,28.13,24.69,-0.02,0.49,0
37.7,24.95,25.96,24.95,-0.02,0.49,0
37.8,24.69,26.20,24.69,-0.02,0.49,0
37.9,24.95,25.96,24.95,-0.03,0.49,0
38.0,24.95,26.20,24.43,-0.02,0.49,0
38.1,24.95,25.71,24.43,-0.02,0.49,0
38.2,24.69,26.20,24.69,-0.02,0.49,0
38.3,24.95,27.42,24.69,-0.03,0.49,0
38.4,24.69,26.45,24.95,-0.02,0.49,0
38.5,24.95,25.96,24.43,-0.02,0.49,0
38.6,24.95,26.20,24.17,-0.02,0.49,0
38.7,24.95,26.20,24.43,-0.02,0.49,0
38.8,24.69,25.71,24.17,-0.03,0.49,0
38.8,24.69,26.45,24.17,-0.02,0.49,0
38.9,24.95,26.94,24.95,-0.02,0.49,0
39.0,24.43,27.66,26.20,-0.02,0.49,0
39.1,24.43,26.45,24.69,-0.02,0.49,0
39.2,23.91,26.70,25.20,-0.01,0.49,0
39.3,24.95,26.20,24.95,-0.00,0.49,0
39.4,25.20,26.20,24.17,-0.02,0.49,0
39.5,25.46,26.70,24.95,-0.02,0.49,0
39.6,24.95,26.70,24.95,-0.02,0.49,0
39.7,24.69,25.96,24.95,-0.03,0.49,0
39.8,24.95,26.45,25.96,-0.02,0.49,0
39.9,24.43,26.20,24.95,-0.02,0.49,0
39.9,24.95,25.96,24.69,-0.03,0.49,0
40.0,24.95,26.70,22.56,-0.02,0.49,0
40.1,24.69,25.96,24.69,-0.02,0.49,0
40.2,25.20,25.46,24.95,-0.02,0.49,0
40.3,24.69,26.20,24.95,-0.02,0.49,0
40.4,24.69,25.46,24.95,-0.02,0.49,0
40.5,24.43,25.71,25.71,-0.03,0.49,0
40.6,25.20,25.96,24.95,-0.03,0.49,0
40.7,25.20,26.20,23.37,-0.03,0.49,0
40.8,25.20,26.45,24.95,-0.03,0.49,0
40.9,25.71,26.94,24.43,-0.03,0.49,0
41.0,25.20,27.18,25.46,-0.02,0.49,0
41.1,24.95,26.94,24.95,-0.03,0.49,0
41.1,24.95,26.45,24.17,-0.03,0.49,0
41.2,24.95,26.45,24.69,-0.03,0.49,0
41.3,23.64,28.13,24.69,-0.02,0.49,0
41.4,24.43,26.45,24.69,-0.03,0.49,0
41.5,24.43,26.45,24.95,-0.03,0.49,0
41.6,24.95,26.94,24.95,-0.03,0.49,0
41.7,25.20,26.20,24.95,-0.02,0.49,0
41.8,24.95,27.18,24.95,-0.02,0.49,0
41.9,25.20,25.71,24.95,-0.02,0.49,0
42.0,24.95,24.95,24.95,-0.03,0.49,0
42.1,24.69,27.18,24.69,-0.02,0.49,0
42.2,26.20,25.71,24.95,-0.03,0.49,0
42.2,24.95,26.45,24.69,-0.04,0.49,0
42.3,25.20,26.45,24.95,-0.03,0.49,0
42.4,24.43,27.42,24.95,-0.02,0.50,0
42.5,24.69,25.71,25.71,-0.02,0.49,0
42.6,24.69,25.96,26.45,-0.02,0.49,0
42.7,25.46,27.42,24.95,-0.02,0.49,0
42.8,24.69,26.45,24.17,-0.03,0.49,0
42.9,24.95,26.45,24.69,-0.03,0.49,0
43.0,24.95,26.20,24.69,-0.02,0.49,0
43.1,24.17,26.45,25.20,-0.01,0.49,0
43.2,24.17,26.94,24.69,-0.02,0.49,0
43.3,24.43,27.18,24.69,-0.04,0.49,0
43.3,24.69,26.45,24.95,-0.03,0.49,0
43.4,24.69,25.96,24.69,-0.02,0.49,0
43.5,24.69,25.96,24.17,-0.02,0.49,0
43.6,25.20,25.96,24.95,-0.02,0.49,0
43.7,23.91,26.20,24.43,-0.02,0.49,0
43.8,24.95,26.70,24.95,-0.04,0.49,0
43.9,24.95,26.70,24.69,-0.04,0.49,0
44.0,24.43,25.46,24.69,-0.04,0.49,0
44.1,24.69,26.45,24.69,-0.03,0.49,0
44.2,24.17,26.20,26.20,-0.02,0.49,0
44.3,25.20,26.20,24.95,-0.03,0.49,0
44.4,25.20,26.20,24.69,-0.03,0.49,0
44.4,24.95,26.45,24.95,-0.03,0.49,0
44.5,25.46,27.89,24.95,-0.03,0.49,0
44.6,24.95,27.66,24.69,-0.03,0.49,0
44.7,24.69,26.94,26.45,-0.03,0.49,0
44.8,24.95,26.45,24.95,-0.02,0.49,0
44.9,24.95,26.45,23.91,-0.02,0.49,0
45.0,23.64,25.71,24.95,-0.02,0.49,0
45.1,24.95,27.42,24.95,-0.02,0.49,0
45.2,24.43,24.95,25.20,-0.01,0.49,0
45.3,24.95,26.70,26.94,-0.02,0.49,0
45.4,25.46,26.70,24.69,-0.02,0.50,0
45.5,24.17,26.94,24.43,-0.02,0.49,0
45.6,24.95,26.70,26.20,-0.03,0.49,0
45.6,26.20,26.45,24.95,-0.03,0.49,0
45.7,24.95,26.70,26.94,-0.03,0.49,0
45.8,25.96,26.20,23.91,-0.03,0.49,0
45.9,24.43,26.70,23.10,-0.02,0.49,0
46.0,25.46,26.70,25.20,-0.02,0.49,0
46.1,24.69,26.70,24.69,-0.03,0.49,0
46.2,24.95,26.70,23.10,-0.02,0.49,0
46.3,24.95,26.70,25.96,-0.03,0.49,0
46.4,24.95,26.70,25.71,-0.03,0.49,0
46.5,24.69,26.70,25.20,-0.03,0.49,0
46.6,25.71,26.70,24.69,-0.03,0.49,0
46.7,25.20,26.45,24.69,-0.03,0.49,0
46.7,25.71,26.20,23.91,-0.04,0.49,0
46.8,24.95,25.96,24.17,-0.03,0.49,0
46.9,25.20,27.42,24.95,-0.02,0.49,0
47.0,24.69,26.20,24.69,-0.02,0.49,0
47.1,25.20,26.70,24.17,-0.03,0.49,0
47.2,24.95,26.70,24.69,-0.03,0.49,0
47.3,24.95,26.94,24.69,-0.03,0.49,0
47.4,24.43,26.70,26.94,-0.03,0.49,0
47.5,25.20,27.66,24.95,-0.02,0.49,0
47.6,24.95,27.18,23.37,-0.02,0.49,0
47.7,24.69,26.70,24.95,-0.02,0.49,0
47.8,24.95,26.70,24.95,-0.03,0.49,0
47.8,24.69,26.94,24.95,-0.03,0.49,0
47.9,25.20,26.20,24.17,-0.02,0.50,0
48.0,24.95,27.66,24.95,0.02,0.49,0
48.1,24.69,26.45,24.69,0.08,0.49,0
48.2,24.69,26.20,24.69,0.01,0.49,0
48.3,25.46,26.70,24.95,-0.01,0.49,0
48.4,24.95,26.94,24.95,-0.02,0.49,0
48.5,24.69,27.18,23.10,-0.02,0.49,0
48.6,24.95,26.70,24.95,-0.02,0.49,0
48.7,24.95,26.94,23.37,-0.02,0.49,0
48.8,24.95,26.94,24.95,-0.02,0.49,0
48.9,25.20,27.89,24.69,-0.02,0.49,0
49.0,24.69,26.70,25.46,-0.02,0.49,0
49.0,25.20,26.70,23.64,-0.02,0.49,0
49.1,24.69,26.45,24.17,-0.02,0.49,0
49.2,24.95,26.45,25.20,-0.02,0.49,0
49.3,25.71,26.45,24.95,-0.03,0.49,0
49.4,25.20,26.70,24.69,-0.03,0.49,0
49.5,24.95,26.94,24.43,-0.02,0.49,0
49.6,24.95,25.96,24.69,-0.02,0.49,0
49.7,26.20,26.94,24.95,-0.02,0.49,0
49.8,24.95,26.70,25.96,-0.02,0.49,0
49.9,24.95,27.66,24.95,-0.02,0.49,0
50.0,25.46,26.94,24.69,-0.02,0.49,0
50.1,25.71,26.70,25.46,-0.02,0.49,0
50.1,24.95,26.70,24.95,-0.02,0.49,0
50.2,24.69,26.94,24.69,-0.02,0.49,0
50.3,24.95,28.13,24.69,-0.02,0.49,0
50.4,25.71,27.89,25.20,-0.02,0.49,0
50.5,24.69,28.59,25.20,-0.02,0.49,0
50.6,24.95,26.45,27.42,-0.02,0.49,0
50.7,24.95,27.18,24.95,-0.02,0.49,0
50.8,24.95,26.70,24.95,-0.03,0.49,0
50.9,25.20,27.18,24.95,-0.02,0.49,1
51.0,24.43,26.70,24.95,-0.02,0.49,1
51.1,24.95,27.18,26.70,0.00,0.49,1
51.2,25.20,26.94,25.20,0.02,0.50,1
51.3,25.20,27.89,25.20,0.03,0.49,1
51.3,24.69,26.94,24.95,0.01,0.50,1
51.4,24.95,27.89,24.95,0.03,0.58,1
51.5,25.96,27.18,25.71,0.16,0.58,1
51.6,24.95,26.94,25.20,0.55,0.60,1
51.7,24.95,27.18,24.17,0.93,0.62,1
51.8,26.20,27.66,24.95,1.14,0.63,1
51.9,25.20,27.89,24.69,1.41,0.63,1
52.0,25.20,26.94,25.46,1.53,0.64,1
52.1,25.20,26.70,23.10,1.58,0.64,1
52.2,25.71,26.94,25.20,1.62,0.64,1
52.3,25.20,27.18,25.20,1.63,0.65,1
52.4,25.20,27.18,25.20,1.71,0.65,1
52.4,25.20,27.18,23.91,1.81,0.65,1
52.5,24.69,27.66,25.20,1.80,0.65,1
52.6,24.43,27.18,24.17,1.78,0.65,1
52.7,24.95,26.70,25.20,1.80,0.66,1
52.8,24.95,27.42,27.18,1.78,0.66,1
52.9,24.95,27.42,26.20,1.86,0.65,1
53.0,24.95,27.42,26.20,1.90,0.66,1
53.1,24.95,27.42,25.71,1.87,0.65,1
53.2,25.20,27.42,27.89,1.90,0.66,1
53.3,25.71,27.42,25.71,1.95,0.66,1
53.4,24.43,27.42,27.42,1.95,0.66,1
53.5,25.46,27.42,27.18,2.06,0.66,1
53.5,25.46,27.66,26.20,2.11,0.66,1
53.6,24.95,27.42,25.96,2.11,0.66,1
53.7,24.95,27.42,27.18,2.16,0.66,1
53.8,25.71,27.66,26.20,2.22,0.66,1
53.9,24.95,27.18,27.42,2.27,0.67,1
54.0,25.20,27.18,26.45,2.33,0.67,1
54.1,25.20,26.94,26.20,2.39,0.66,1
54.2,25.71,27.42,26.70,2.43,0.66,0
54.3,25.20,26.94,26.70,2.46,0.66,0
54.4,24.95,27.18,26.20,2.47,0.66,0
54.5,24.69,27.66,28.13,2.48,0.66,0
54.6,24.95,27.66,26.45,2.53,0.66,0
54.6,25.20,27.18,26.94,2.59,0.66,0
54.7,24.95,26.70,26.20,2.61,0.66,0
54.8,25.46,27.42,26.45,2.66,0.66,0
54.9,24.95,27.66,26.20,2.73,0.66,0
55.0,25.20,27.18,26.45,2.80,0.66,0
55.1,25.20,27.66,26.45,2.80,0.66,0
55.2,25.20,26.94,26.94,2.79,0.66,0
55.3,25.20,26.94,26.70,2.77,0.66,0
55.4,25.20,27.66,26.70,2.82,0.66,0
55.5,25.71,27.42,27.66,2.91,0.66,0
55.6,24.95,27.42,26.70,2.99,0.66,0
55.7,24.69,27.42,27.18,3.01,0.65,0
55.7,24.95,27.42,26.45,2.99,0.66,0
55.8,24.95,27.66,26.45,3.00,0.65,0
55.9,25.20,27.42,26.70,3.03,0.65,0
56.0,23.91,26.70,26.45,3.08,0.65,0
56.1,24.69,28.36,26.45,3.12,0.64,0
56.2,24.69,27.42,26.70,3.08,0.63,0
56.3,24.95,27.66,26.70,3.04,0.60,0
56.4,24.95,27.42,26.70,2.94,0.54,0
56.5,25.46,27.18,26.70,2.64,0.49,0
56.6,24.17,27.66,25.46,2.09,0.49,0
56.7,25.20,27.89,26.94,1.68,0.49,0
56.8,24.95,27.66,26.70,1.54,0.49,0
56.9,24.43,27.42,24.95,1.51,0.49,0
56.9,25.20,26.45,26.70,1.50,0.49,0
57.0,24.95,27.42,26.70,1.51,0.49,0
57.1,25.71,27.42,26.94,1.50,0.49,0
57.2,24.95,28.13,27.89,1.51,0.49,0
57.3,25.46,27.66,26.45,1.50,0.49,0
57.5,24.95,27.42,26.70,1.49,0.49,0
57.5,25.20,27.18,26.70,1.49,0.49,0
57.6,25.46,27.66,26.70,1.49,0.49,0
57.7,25.71,27.42,26.70,1.48,0.49,0
57.8,25.20,27.18,27.89,1.49,0.49,1
57.9,25.20,27.66,26.70,1.48,0.49,1
58.0,25.20,27.66,24.43,1.47,0.49,0
58.1,25.20,27.18,26.70,1.49,0.49,0
58.2,24.95,27.66,26.94,1.50,0.49,0
58.2,24.95,27.18,26.70,1.49,0.49,0
58.3,25.20,27.18,26.45,1.47,0.49,0
58.4,25.20,27.42,26.70,1.47,0.49,0
58.5,24.43,28.36,27.66,1.46,0.50,0
58.6,24.69,27.18,26.45,1.46,0.49,0
58.7,25.20,27.66,26.45,1.47,0.49,0
58.8,25.46,28.36,26.70,1.47,0.49,0
58.9,25.20,27.66,26.70,1.47,0.49,0
59.0,25.20,27.66,26.70,1.46,0.49,0
59.1,24.95,27.66,26.70,1.46,0.49,0
59.2,25.20,27.89,27.42,1.45,0.49,0
59.2,24.95,27.66,26.94,1.45,0.49,0
59.3,25.20,27.66,26.70,1.45,0.49,0
59.4,24.95,27.66,26.45,1.45,0.49,0
59.5,25.20,27.18,26.70,1.45,0.49,0
59.6,24.95,26.70,27.66,1.43,0.49,0
59.7,25.20,27.89,26.45,1.43,0.49,0
59.8,24.95,27.66,26.45,1.43,0.49,0
59.9,24.95,27.66,26.70,1.44,0.49,0
60.0,25.20,27.66,26.70,1.45,0.49,0
60.1,24.95,27.89,26.70,1.45,0.49,0
60.2,24.95,27.66,26.70,1.44,0.49,0
60.3,24.95,27.66,25.46,1.44,0.49,0
60.3,25.20,27.66,26.45,1.44,0.49,0
60.4,24.95,27.66,28.82,1.44,0.49,0
60.5,24.95,27.66,24.69,1.45,0.49,0
60.6,25.46,27.42,26.45,1.45,0.49,0
60.7,25.71,27.66,26.45,1.46,0.49,0
60.8,24.95,27.42,26.45,1.46,0.49,0
60.9,25.20,28.59,27.18,1.45,0.49,0
61.0,24.95,27.66,26.45,1.46,0.49,0
61.1,24.95,27.66,26.20,1.46,0.49,0
61.2,24.95,27.42,26.45,1.45,0.49,0
61.3,24.95,27.89,26.70,1.45,0.49,0
61.4,25.20,28.36,25.46,1.46,0.49,0
61.4,25.20,27.66,27.18,1.46,0.49,0
61.6,24.95,27.66,26.70,1.45,0.49,0
61.6,24.69,27.66,27.66,1.44,0.49,0
61.7,25.20,27.66,26.70,1.44,0.49,0
61.8,24.95,27.66,26.70,1.44,0.49,0
61.9,24.95,27.89,26.70,1.44,0.49,0
62.0,24.95,26.70,26.45,1.45,0.49,0
62.1,25.71,27.89,26.70,1.45,0.49,0
62.2,24.43,27.89,26.94,1.45,0.49,0
62.3,24.95,27.89,26.70,1.45,0.49,0
62.4,25.20,27.66,26.70,1.45,0.49,0
62.5,25.20,27.89,26.70,1.45,0.49,0
62.5,24.95,27.89,26.70,1.45,0.49,0
62.6,24.95,27.89,26.70,1.45,0.49,0
62.7,25.20,27.89,26.94,1.45,0.49,0
62.8,25.71,27.89,26.94,1.44,0.49,0
62.9,24.69,27.89,26.94,1.44,0.49,0
63.0,24.17,28.36,28.59,1.45,0.49,0
63.1,24.95,26.70,27.18,1.46,0.49,0
63.2,25.46,28.13,25.96,1.47,0.49,0
63.3,23.91,26.94,27.18,1.47,0.49,0
63.4,24.95,27.89,27.18,1.47,0.49,0
63.5,25.20,26.94,26.94,1.48,0.49,0
63.6,24.95,27.89,27.18,1.48,0.49,0
63.7,24.95,27.89,26.70,1.50,0.49,0
63.7,24.95,27.89,27.18,1.52,0.49,0
63.8,24.95,27.66,28.82,1.54,0.49,0
63.9,25.20,28.36,27.18,1.55,0.49,0
64.0,24.95,28.59,27.89,1.55,0.49,0
64.1,24.95,26.94,27.18,1.55,0.49,0
64.2,24.95,26.94,27.42,1.56,0.49,0
64.3,25.20,27.89,27.42,1.56,0.49,0
64.4,24.95,27.89,27.42,1.56,0.49,0
64.5,24.95,27.89,27.42,1.55,0.49,0
64.6,24.95,27.89,27.66,1.56,0.49,0
64.7,24.95,27.66,27.42,1.56,0.50,0
64.8,24.95,27.89,28.13,1.56,0.49,0
64.8,24.69,28.36,27.89,1.56,0.49,0
64.9,24.95,27.66,27.66,1.57,0.49,0
65.0,24.69,27.89,28.36,1.57,0.49,0
65.1,25.20,27.66,28.59,1.58,0.50,0
65.2,25.20,27.89,27.66,1.59,0.49,0
65.3,24.95,27.89,27.66,1.60,0.49,0
65.4,24.95,27.66,27.89,1.60,0.49,0
65.5,24.95,27.66,27.89,1.61,0.49,0
65.6,24.95,27.66,28.13,1.63,0.49,0
65.7,24.95,28.36,27.89,1.63,0.49,0
65.8,24.69,28.13,29.05,1.62,0.49,0
65.9,24.95,27.89,27.89,1.62,0.49,0
65.9,25.20,27.89,27.89,1.64,0.49,0
66.0,24.95,27.89,28.13,1.64,0.49,0
66.1,24.69,27.89,28.13,1.64,0.49,0
66.2,23.37,27.66,28.59,1.63,0.49,0
66.3,25.96,28.36,29.05,1.64,0.49,0
66.4,24.43,28.13,28.13,1.64,0.49,0
66.5,24.69,27.66,28.36,1.64,0.49,0
66.6,24.95,28.13,28.36,1.64,0.49,0
66.7,25.20,27.66,26.70,1.65,0.49,0
66.8,24.43,27.89,27.42,1.65,0.49,0
66.9,24.95,28.13,28.13,1.65,0.49,0
67.0,24.69,27.89,28.36,1.65,0.49,0
67.1,25.46,28.13,28.59,1.66,0.49,0
67.1,25.46,28.59,28.36,1.65,0.49,0
67.2,24.95,27.89,28.59,1.65,0.49,0
67.3,24.69,28.36,27.89,1.64,0.49,0
67.4,24.95,27.89,28.82,1.65,0.49,0
67.5,24.95,28.13,29.05,1.65,0.49,0
67.6,24.95,28.13,28.82,1.65,0.49,0
67.7,24.17,28.82,29.05,1.65,0.49,0
67.8,24.69,27.89,29.73,1.65,0.49,0
67.9,24.95,27.42,29.05,1.64,0.49,0
68.0,24.95,27.89,28.82,1.65,0.49,0
68.1,24.95,28.13,29.05,1.65,0.49,0
68.2,25.20,28.13,29.28,1.65,0.49,0
68.2,24.95,27.89,29.28,1.66,0.49,0
68.3,25.20,28.13,30.18,1.65,0.49,0
68.4,24.95,28.13,29.28,1.64,0.49,0
68.5,24.69,28.59,29.28,1.65,0.49,0
68.6,24.95,28.13,29.28,1.66,0.49,0
68.7,24.17,27.89,29.51,1.66,0.49,0
68.8,24.95,28.13,30.40,1.65,0.49,0
68.9,24.95,27.42,29.73,1.65,0.49,0
69.0,25.20,28.13,29.73,1.64,0.49,0
69.1,25.20,28.13,29.73,1.65,0.49,0
69.2,25.46,27.42,30.40,1.66,0.49,0
69.3,25.20,29.05,30.40,1.66,0.49,0
69.4,25.46,28.13,29.95,1.65,0.49,0
69.4,24.95,28.13,29.95,1.65,0.49,0
69.5,24.95,28.36,30.18,1.65,0.49,0
69.6,25.71,27.89,29.95,1.66,0.49,0
69.7,24.95,28.36,30.18,1.66,0.49,0
69.8,24.43,27.18,28.36,1.65,0.49,0
69.9,24.95,28.13,30.18,1.66,0.49,0
70.0,25.20,28.36,30.18,1.65,0.49,0
70.1,24.95,28.13,29.95,1.64,0.49,0
70.2,24.95,28.13,30.84,1.64,0.49,0
70.3,24.17,28.13,30.62,1.64,0.49,0
70.4,24.69,28.36,30.62,1.64,0.49,0
70.5,25.20,28.36,30.62,1.64,0.49,0
70.5,24.95,28.13,30.84,1.64,0.49,0
70.6,25.46,28.36,31.05,1.65,0.49,0
70.7,25.20,28.13,30.84,1.64,0.49,0
70.8,24.95,28.13,31.05,1.63,0.49,0
70.9,24.95,28.36,31.05,1.63,0.49,0
71.0,24.95,27.66,31.05,1.64,0.49,0
71.1,25.20,28.13,29.05,1.65,0.49,0
71.2,24.95,28.36,31.27,1.65,0.49,0
71.3,25.71,28.13,31.05,1.65,0.49,0
71.4,24.95,28.13,31.48,1.64,0.49,0
71.5,24.17,27.89,31.27,1.64,0.49,0
