T+,TEMP1,TEMP2,TEMP3,LOAD,PRESSURE,VALVE
-3.0,20.57,19.98,-9.15,-0.11,0.96,0
-3.0,20.57,20.28,-273.15,-0.12,0.96,0
-2.9,20.57,19.98,-34.26,-0.11,0.96,0
-2.8,20.57,19.98,1.24,-0.11,0.91,0
-2.7,20.57,19.98,-273.15,-0.11,1.0,0
-2.6,20.57,20.28,-18.58,-0.1,0.96,0
-2.5,20.28,20.57,-273.15,-0.11,1.0,0
-2.4,20.57,21.44,-273.15,-0.11,0.96,0
-2.3,20.28,20.28,8.88,-0.11,0.96,0
-2.2,20.57,19.98,-273.15,-0.11,0.96,0
-2.1,20.28,21.44,-15.78,-0.1,0.96,0
-2.0,20.28,20.28,-2.65,-0.1,1.0,0
-1.9,20.57,19.98,-273.15,-0.1,0.96,0
-1.8,20.28,20.28,-1.28,-0.11,0.96,0
-1.8,20.28,19.98,-273.15,-0.1,0.96,0
-1.7,19.38,20.28,-20.15,-0.1,0.96,0
-1.6,20.28,19.98,-14.51,-0.1,0.96,0
-1.5,19.98,20.57,-273.15,-0.1,0.96,0
-1.4,20.57,19.68,-8.22,-0.1,1.04,0
-1.3,20.57,20.57,-273.15,-0.11,0.96,0
-1.2,20.28,20.57,-20.15,-0.1,0.96,0
-1.1,19.68,20.57,-13.32,-0.11,0.96,0
-1.0,20.57,20.57,-273.15,-0.11,1.0,0
-0.9,20.57,19.68,-8.22,-0.1,1.0,0
-0.8,19.98,20.28,-273.15,-0.1,0.96,0
-0.7,20.28,21.44,-43.9,-0.1,1.0,0
-0.6,20.86,20.28,-273.15,-0.1,0.96,0
-0.5,20.57,20.57,-10.11,-0.11,1.0,0
-0.5,20.57,20.57,-273.15,-0.11,1.0,0
-0.4,20.86,20.57,7.52,-0.1,1.0,0
-0.3,19.98,19.98,-9.15,-0.1,1.0,0
-0.2,20.28,20.57,7.98,-0.1,0.96,0
-0.1,20.28,19.98,-273.15,-0.1,1.04,0
0.0,20.28,20.28,-18.58,-0.09,0.96,1
0.1,20.28,20.57,-273.15,-0.09,0.96,1
0.2,20.28,19.68,-273.15,-0.09,1.0,1
0.3,20.57,21.15,7.52,-0.09,0.96,1
0.4,20.28,20.28,-273.15,-0.09,1.0,1
0.5,20.57,19.98,-10.11,-0.09,1.0,1
0.6,20.57,20.28,1.83,-0.08,0.96,1
0.6,19.98,19.98,-23.75,-0.08,0.96,1
0.7,20.57,20.28,8.43,-0.08,0.91,1
0.8,19.68,19.98,-273.15,-0.08,2.1,1
0.9,19.98,20.28,-17.13,-0.08,6.19,1
1.0,19.68,20.28,-273.15,1.73,6.95,1
1.1,19.98,20.28,-273.15,13.44,7.46,1
1.2,20.28,20.28,-6.48,27.15,7.38,1
1.3,19.68,20.57,-273.15,33.69,7.63,1
1.4,20.28,19.98,-23.75,36.17,7.71,1
1.5,20.57,20.57,-273.15,37.46,7.67,1
1.6,19.98,20.57,-273.15,38.16,7.71,1
1.7,19.98,20.57,-5.66,38.46,8.05,1
1.7,20.28,20.28,-273.15,38.65,8.09,1
1.8,20.28,21.15,-273.15,38.91,8.18,1
1.9,19.68,22.28,2.96,39.09,8.35,1
2.0,20.28,22.0,-23.75,39.27,8.26,1
2.1,20.57,21.72,-15.78,39.41,8.18,1
2.2,20.57,22.0,-273.15,39.51,8.26,1
2.3,20.86,22.0,-273.15,39.63,8.26,1
2.4,20.86,23.1,-5.66,39.77,8.09,1
2.5,19.98,24.17,-273.15,39.91,8.01,1
2.6,20.28,24.17,-8.22,40.0,7.97,1
2.7,20.57,24.95,-273.15,40.04,8.18,1
2.8,20.86,25.71,-23.75,40.06,8.14,1
2.9,19.98,26.7,3.51,40.14,8.14,1
2.9,20.28,26.45,-273.15,40.2,7.97,1
3.0,19.98,27.89,-273.15,40.21,8.09,1
3.1,20.57,27.89,-0.63,40.22,7.88,1
3.2,20.57,29.28,-25.85,40.3,7.84,1
3.3,20.28,30.84,6.58,40.42,7.88,1
3.4,20.28,31.7,-273.15,40.36,7.71,1
3.5,20.28,32.54,-23.75,40.35,7.63,1
3.6,20.57,34.17,-273.15,40.42,7.5,1
3.7,21.15,34.57,-273.15,40.23,7.46,1
3.8,20.86,36.13,-1.28,39.87,7.25,1
3.9,21.15,37.26,-273.15,39.46,7.29,1
4.0,20.86,38.37,-23.75,39.03,7.12,1
4.1,20.86,39.63,-273.15,38.6,6.74,1
4.1,20.86,41.02,-273.15,37.84,5.14,1
4.2,20.57,42.38,4.05,35.15,1.55,1
4.4,21.15,44.68,-2.65,27.04,-1.62,1
4.5,21.44,45.8,-18.58,13.47,-1.32,1
4.5,21.44,47.35,-273.15,4.29,-1.11,1
4.6,21.15,48.72,-1.95,1.15,-0.77,1
4.7,21.15,49.77,-23.75,0.4,-0.65,1
4.8,21.44,51.23,-273.15,0.15,-0.44,1
4.9,21.72,52.38,-5.66,0.02,-0.31,1
5.0,21.72,53.09,-273.15,-0.02,-0.14,1
5.1,22.0,55.19,-11.13,-0.04,0.03,1
5.2,22.0,56.15,-23.75,-0.05,0.11,1
5.2,22.0,57.37,-273.15,-0.05,0.24,1
5.3,22.0,58.31,-273.15,-0.06,0.28,1
5.4,22.0,59.5,-8.22,-0.05,0.37,1
5.5,22.28,61.08,-273.15,-0.05,0.45,1
5.6,22.56,61.6,-17.13,-0.05,0.49,1
5.7,22.56,62.64,-273.15,-0.05,0.58,1
5.8,22.83,63.41,-273.15,-0.05,0.62,1
5.9,22.56,64.43,10.16,-0.05,0.62,1
6.0,23.37,64.68,-273.15,-0.04,0.66,1
6.1,23.1,65.95,-12.2,-0.04,0.7,1
6.2,23.37,66.71,-273.15,-0.04,0.75,1
6.3,24.17,67.59,-273.15,-0.05,0.79,1
6.4,23.64,68.09,6.09,-0.04,0.79,1
6.4,23.64,68.84,-273.15,-0.03,0.79,1
6.5,23.37,69.59,-15.78,-0.02,0.79,1
6.6,23.91,70.09,-273.15,-0.03,0.79,1
6.7,24.17,70.84,-273.15,-0.02,0.79,1
6.8,24.17,71.21,3.51,-0.03,0.83,1
6.9,24.43,71.95,-273.15,-0.02,0.83,1
7.0,24.43,72.45,-12.2,-0.03,0.83,1
7.1,24.69,73.07,-11.13,-0.03,0.83,0
7.2,24.69,73.56,-21.86,-0.03,0.87,0
7.3,24.95,74.31,0.01,-0.04,0.87,0
7.4,25.2,74.43,-273.15,-0.04,0.83,0
7.5,25.46,74.92,-273.15,-0.04,0.87,0
7.6,25.46,75.3,-273.15,-0.03,0.83,0
7.6,25.96,75.54,-273.15,-0.04,0.87,0
7.7,26.2,76.29,7.05,-0.04,0.87,0
7.8,26.2,76.41,-273.15,-0.04,0.91,0
7.9,26.2,76.66,-14.51,-0.03,0.87,0
8.0,26.45,77.03,-17.13,-0.03,0.91,0
