T+,TEMP1,TEMP2,TEMP3,LOAD,PRESSURE,VALVE
-63.2,22.83,21.15,-273.15,-0.01,1.0,0
-63.1,22.83,21.72,-52.78,-0.02,1.0,0
-63.0,23.1,21.15,-273.15,-0.02,1.04,0
-63.0,24.17,20.86,-273.15,-0.03,1.0,0
-62.9,22.28,21.15,-28.23,-0.03,1.0,0
-62.8,22.83,21.44,-273.15,-0.04,0.96,0
-62.7,22.56,21.15,-273.15,-0.04,1.0,0
-62.6,22.83,21.44,-25.85,-0.03,1.0,0
-62.5,22.83,21.72,-273.15,-0.02,0.96,0
-62.4,22.56,21.15,-273.15,-0.03,1.0,0
-62.4,22.56,21.44,-273.15,-0.04,0.96,0
-62.3,22.83,21.15,-273.15,-0.03,1.0,0
-62.2,21.15,20.28,-273.15,-0.03,1.0,0
-62.1,22.28,22.0,-273.15,-0.04,1.0,0
-62.0,23.1,21.44,-273.15,-0.04,1.0,0
-61.9,22.28,21.15,-273.15,-0.04,1.0,0
-61.8,22.28,21.44,-273.15,-0.04,1.04,0
-61.7,21.72,20.86,-273.15,-0.04,1.0,0
-61.6,24.17,22.0,-273.15,-0.05,1.0,0
-61.5,23.1,21.44,-273.15,-0.06,1.0,0
-61.5,22.83,21.72,-273.15,-0.07,1.0,0
-61.4,22.56,21.15,-273.15,-0.08,1.0,0
-61.3,22.83,21.15,-273.15,-0.08,1.04,0
-61.2,23.1,21.15,-273.15,-0.08,1.0,0
-61.1,23.37,21.15,-273.15,-0.08,1.04,0
-61.0,22.83,21.44,-34.26,-0.08,1.0,0
-60.9,22.83,21.44,-273.15,-0.08,0.96,0
-60.8,23.37,21.15,-273.15,-0.09,1.0,0
-60.7,22.56,21.15,-273.15,-0.1,1.0,0
-60.6,22.83,21.44,-273.15,-0.1,1.0,0
-60.5,22.83,21.15,-273.15,-0.11,1.0,0
-60.4,21.15,20.28,-273.15,-0.11,1.0,0
-60.4,22.83,21.44,-273.15,-0.12,1.0,0
-60.3,22.83,21.15,-273.15,-0.12,1.0,0
-60.2,22.56,21.15,-273.15,-0.12,1.0,0
-60.1,22.56,21.15,-273.15,-0.12,1.0,0
-60.0,21.72,20.57,-273.15,-0.13,1.0,0
-59.9,23.37,21.15,-273.15,-0.13,1.0,0
-59.8,22.83,21.44,-273.15,-0.13,0.96,0
-59.7,22.83,21.15,-273.15,-0.13,1.0,0
-59.6,24.95,21.44,-273.15,-0.13,1.0,0
-59.5,22.83,20.86,-52.78,-0.14,1.0,0
-59.4,23.1,21.44,-273.15,-0.15,0.96,0
-59.3,23.91,21.44,-43.9,-0.15,1.0,0
-59.2,21.15,21.44,-273.15,-0.16,1.0,0
-59.2,23.1,21.15,-52.78,-0.16,1.0,0
-59.1,22.83,21.44,-273.15,-0.15,1.0,0
-59.0,23.64,20.28,-273.15,-0.14,1.0,0
-58.9,22.83,21.15,-273.15,-0.15,1.0,0
-58.8,22.83,21.44,-23.75,-0.16,1.0,0
-58.7,22.83,21.44,-273.15,-0.16,0.96,0
-58.6,23.37,21.44,-273.15,-0.16,0.96,0
-58.5,22.83,20.86,-273.15,-0.15,1.0,0
-58.4,22.83,21.44,-273.15,-0.14,1.0,0
-58.3,23.1,21.72,-34.26,-0.14,1.0,0
-58.2,21.15,21.15,-273.15,-0.13,1.0,0
-58.1,22.56,21.15,-273.15,-0.1,1.0,0
-58.0,22.83,21.44,-273.15,-0.1,1.0,0
-58.0,22.0,20.57,-52.78,-0.1,1.0,0
-57.9,22.83,21.44,-273.15,-0.07,1.0,0
-57.8,22.83,21.44,-273.15,-0.04,0.96,0
-57.7,23.1,20.57,-273.15,-0.02,1.0,0
-57.6,22.83,21.15,-23.75,-0.01,0.96,0
-57.5,22.83,21.44,-273.15,-0.01,1.0,0
-57.4,23.37,22.83,-25.85,-0.01,1.0,0
-57.3,23.1,20.86,-30.98,-0.01,1.0,0
-57.2,24.69,21.72,-273.15,-0.0,1.0,0
-57.1,22.83,21.72,-52.78,-0.01,0.96,0
-57.0,22.83,20.57,-273.15,-0.01,1.0,0
-56.9,22.0,21.44,-52.78,0.02,1.0,0
-56.9,22.83,21.15,-273.15,0.03,1.0,0
-56.8,23.1,21.72,-273.15,-0.01,1.0,0
-56.7,22.83,21.15,-273.15,-0.01,1.0,0
-56.6,23.1,21.44,-273.15,0.0,1.0,0
-56.5,22.83,21.15,-273.15,0.05,0.96,0
-56.4,22.56,21.15,-34.26,0.07,1.0,0
-56.3,23.1,21.15,-43.9,0.03,1.0,0
-56.2,22.83,21.44,-273.15,-0.02,1.0,0
-56.1,23.1,21.44,-273.15,-0.01,1.0,0
-56.0,22.83,19.68,-273.15,0.03,0.96,0
-55.9,22.0,21.44,-52.78,0.04,0.96,0
-55.8,22.83,21.15,-273.15,0.05,1.0,0
-55.7,22.56,21.15,-273.15,0.04,0.96,0
-55.7,22.83,21.44,-273.15,0.04,1.0,0
-55.6,23.64,21.44,-273.15,0.06,1.0,0
-55.5,23.1,21.44,-273.15,0.07,1.0,0
-55.4,22.56,21.15,-273.15,0.08,0.96,0
-55.3,22.83,22.28,-273.15,0.08,1.0,0
-55.2,22.56,21.44,-273.15,0.09,1.0,0
-55.1,23.64,21.44,-273.15,0.09,1.0,0
-55.0,22.56,20.57,-273.15,0.1,1.0,0
-54.9,23.1,21.72,-273.15,0.09,1.0,0
-54.8,22.83,21.44,-273.15,0.08,1.0,0
-54.7,22.0,20.86,-273.15,0.08,0.96,0
-54.6,23.1,21.44,-273.15,0.08,0.96,0
-54.5,22.83,21.44,-273.15,0.07,1.0,0
-54.5,22.83,21.15,-273.15,0.06,1.0,0
-54.4,20.86,21.15,-52.78,0.07,1.0,0
-54.3,22.83,21.15,-273.15,0.1,1.0,0
-54.2,22.83,21.44,-273.15,0.11,1.0,0
-54.1,22.83,21.44,-273.15,0.13,1.0,0
-54.0,23.91,21.44,-273.15,0.15,0.96,0
-53.9,22.83,21.15,-273.15,0.14,1.0,0
-53.8,22.83,20.86,-273.15,0.13,1.0,0
-53.7,20.86,21.72,-273.15,0.13,1.0,0
-53.6,23.37,21.72,-273.15,0.12,1.0,0
-53.5,22.56,21.72,-273.15,0.12,1.0,0
-53.4,22.83,21.72,-52.78,0.11,1.0,0
-53.4,22.83,21.44,-273.15,0.11,1.0,0
-53.2,22.83,22.0,-43.9,0.12,1.0,0
-53.2,22.83,20.57,-273.15,0.13,0.96,0
-53.1,22.83,21.15,-273.15,0.13,1.0,0
-53.0,23.1,21.15,-273.15,0.14,1.0,0
-52.9,24.43,21.72,-273.15,0.13,1.0,0
-52.8,22.83,19.38,-273.15,0.17,1.0,0
-52.7,22.56,21.44,-25.85,0.19,1.0,0
-52.6,22.83,20.28,-273.15,0.2,1.0,0
-52.5,22.83,20.86,-52.78,0.2,1.0,0
-52.4,22.28,21.44,-273.15,0.21,1.0,0
-52.3,22.83,21.44,-52.78,0.22,1.04,0
-52.2,22.56,21.15,-273.15,0.21,1.0,0
-52.2,23.64,21.15,-273.15,0.21,1.0,0
-52.1,23.64,21.15,-273.15,0.22,1.0,0
-52.0,22.83,22.83,-34.26,0.25,1.0,0
-51.9,22.56,22.0,-273.15,0.27,1.0,0
-51.8,24.17,21.44,-273.15,0.26,1.0,0
-51.7,22.83,21.44,-273.15,0.25,1.0,0
-51.6,22.56,21.15,-52.78,0.25,1.0,0
-51.5,22.56,20.86,-30.98,0.26,1.0,0
-51.4,22.83,21.44,-273.15,0.26,1.0,0
-51.3,22.56,22.56,-43.9,0.28,1.0,0
-51.2,22.56,21.44,-273.15,0.29,1.0,0
-51.1,23.1,21.44,-273.15,0.29,1.0,0
-51.0,23.64,20.28,-273.15,0.29,1.0,0
-51.0,22.83,21.15,-273.15,0.3,1.0,0
-50.9,22.56,21.15,-273.15,0.3,1.0,0
-50.8,22.83,21.72,-52.78,0.32,1.0,0
-50.7,22.83,21.44,-273.15,0.32,1.0,0
-50.6,22.83,21.72,-52.78,0.31,1.04,0
-50.5,23.1,22.56,-43.9,0.32,1.0,0
-50.4,22.56,21.15,-28.23,0.33,1.0,0
-50.3,22.83,22.0,-273.15,0.32,1.0,0
-50.2,22.56,21.44,-52.78,0.31,1.0,0
-50.1,22.56,21.44,-273.15,0.32,1.0,0
-50.0,20.86,21.72,-273.15,0.32,1.0,0
-49.9,22.56,21.44,-273.15,0.32,1.0,0
-49.9,22.83,20.86,-34.26,0.32,1.0,0
-49.8,23.1,21.44,-273.15,0.32,1.0,0
-49.7,22.28,21.44,-273.15,0.33,1.0,0
-49.6,22.56,21.44,-273.15,0.33,1.0,0
-49.5,23.1,21.72,-273.15,0.33,1.0,0
-49.4,24.43,21.72,-273.15,0.34,1.0,0
-49.3,22.83,21.72,-43.9,0.34,1.04,0
-49.2,22.56,21.72,-273.15,0.33,1.04,0
-49.1,22.56,21.44,-273.15,0.32,1.0,0
-49.0,22.56,21.44,-52.78,0.33,0.96,0
-48.9,22.56,21.44,-273.15,0.32,1.0,0
-48.8,21.72,20.86,-273.15,0.31,1.0,0
-48.7,24.69,21.44,-273.15,0.3,1.0,0
-48.7,22.56,20.86,-273.15,0.3,1.04,0
-48.6,22.0,21.72,-52.78,0.29,1.0,0
-48.5,22.56,21.44,-273.15,0.28,0.96,0
-48.4,22.83,20.86,-43.9,0.28,1.0,0
-48.3,22.83,21.15,-273.15,0.27,1.0,0
-48.2,22.56,21.15,-273.15,0.27,1.0,0
-48.1,22.56,21.44,-273.15,0.27,1.04,0
-48.0,22.28,20.86,-273.15,0.27,0.96,0
-47.9,22.56,20.57,-273.15,0.28,1.0,0
-47.8,22.83,22.0,-23.75,0.28,1.04,0
-47.7,22.56,21.44,-273.15,0.27,1.0,0
-47.6,22.28,21.44,-273.15,0.27,0.96,0
-47.6,22.83,21.44,-273.15,0.28,1.08,0
-47.5,22.28,20.86,-34.26,0.27,1.0,0
-47.4,22.83,21.72,-273.15,0.27,1.0,0
-47.3,22.56,21.44,-273.15,0.27,0.96,0
-47.2,23.91,21.44,-52.78,0.27,1.0,0
-47.1,22.56,21.44,-273.15,0.28,1.0,0
-47.0,22.56,21.44,-273.15,0.28,1.0,0
-46.9,22.83,21.44,-52.78,0.28,1.04,0
-46.8,23.64,21.44,-273.15,0.28,1.0,0
-46.7,22.56,21.44,-34.26,0.28,1.04,0
-46.6,22.56,21.15,-273.15,0.29,1.0,0
-46.5,20.86,21.44,-273.15,0.29,1.0,0
-46.4,22.83,21.72,-273.15,0.3,1.0,0
-46.4,22.28,21.44,-273.15,0.3,1.0,0
-46.3,22.56,21.44,-43.9,0.29,1.08,0
-46.2,23.1,21.15,-273.15,0.29,1.0,0
-46.1,22.56,21.15,-52.78,0.3,1.04,0
-46.0,22.83,21.44,-273.15,0.31,1.04,0
-45.9,22.56,23.1,-43.9,0.32,0.96,0
-45.8,22.28,21.72,-43.9,0.32,1.0,0
-45.7,22.56,21.44,-273.15,0.32,0.96,0
-45.6,24.95,21.72,-34.26,0.31,1.0,0
-45.5,21.44,21.44,-273.15,0.33,1.0,0
-45.4,22.56,21.15,-273.15,0.32,1.0,0
-45.3,22.56,21.44,-273.15,0.33,0.96,0
-45.2,22.83,21.44,-273.15,0.34,1.0,0
-45.2,22.28,21.44,-273.15,0.36,1.0,0
-45.1,22.56,21.44,-273.15,0.37,0.96,0
-45.0,22.83,21.15,-273.15,0.39,1.0,0
-44.9,23.37,21.15,-273.15,0.4,1.0,0
-44.8,22.28,21.44,-273.15,0.38,1.0,0
-44.7,21.72,21.44,-273.15,0.37,0.96,0
-44.6,22.83,21.44,-52.78,0.37,1.0,0
-44.5,22.56,21.44,-273.15,0.35,0.96,0
-44.4,22.56,21.44,-273.15,0.35,1.0,0
-44.3,22.56,21.44,-273.15,0.38,1.0,0
-44.2,22.0,21.44,-273.15,0.38,1.0,0
-44.1,22.83,21.15,-273.15,0.39,0.96,0
-44.1,22.56,20.57,-273.15,0.39,1.0,0
-44.0,22.0,21.15,-273.15,0.39,1.0,0
-43.9,22.56,21.72,-273.15,0.4,1.0,0
-43.8,22.83,21.44,-273.15,0.42,1.0,0
-43.7,22.28,22.0,-273.15,0.42,1.0,0
-43.6,22.83,20.57,-273.15,0.42,1.0,0
-43.5,22.28,21.44,-273.15,0.42,1.0,0
-43.4,22.28,21.15,-273.15,0.42,1.0,0
-43.3,20.86,21.15,-273.15,0.41,1.0,0
-43.2,22.56,21.44,-273.15,0.41,1.04,0
-43.1,22.56,21.15,-273.15,0.41,1.0,0
-43.0,22.83,21.15,-52.78,0.42,1.0,0
-42.9,22.28,21.44,-273.15,0.43,1.04,0
-42.9,22.28,21.44,-273.15,0.42,1.0,0
-42.8,23.91,21.15,-43.9,0.42,1.0,0
-42.7,22.83,21.44,-273.15,0.41,1.0,0
-42.6,22.28,21.44,-52.78,0.41,1.0,0
-42.5,22.83,21.44,-273.15,0.41,1.0,0
-42.4,23.91,21.15,-273.15,0.42,1.04,0
-42.3,22.28,21.44,-30.98,0.42,1.04,0
-42.2,22.56,21.44,-273.15,0.41,1.0,0
-42.1,22.56,21.44,-273.15,0.41,1.0,0
-42.0,22.56,21.15,-273.15,0.41,1.0,0
-41.9,22.28,21.15,-273.15,0.42,0.96,0
-41.8,22.56,21.15,-273.15,0.41,1.0,0
-41.7,20.86,21.15,-273.15,0.42,1.0,0
-41.7,22.56,21.15,-273.15,0.44,1.0,0
-41.6,22.83,21.44,-273.15,0.44,0.96,0
-41.5,22.56,21.15,-273.15,0.44,1.0,0
-41.4,23.37,21.72,-273.15,0.45,1.04,0
-41.3,22.28,21.44,-273.15,0.46,1.04,0
-41.2,22.56,21.44,-28.23,0.48,1.0,0
-41.1,22.28,21.72,-273.15,0.47,1.04,0
-41.0,22.28,21.72,-30.98,0.47,1.0,0
-40.9,22.0,21.44,-273.15,0.47,0.96,0
-40.8,22.83,21.44,-273.15,0.5,1.0,0
-40.7,22.56,21.15,-273.15,0.52,1.0,0
-40.6,23.37,19.98,-273.15,0.55,1.0,0
-40.6,22.28,21.44,-273.15,0.58,1.0,0
-40.5,22.28,21.44,-52.78,0.57,1.0,0
-40.4,22.56,21.72,-52.78,0.56,1.0,0
-40.3,22.56,21.15,-273.15,0.55,1.0,0
-40.2,23.64,19.68,-273.15,0.58,1.0,0
-40.1,20.86,21.44,-273.15,0.55,1.0,0
-40.0,22.56,21.44,-23.75,0.54,1.0,0
-39.9,22.28,21.44,-273.15,0.55,1.0,0
-39.8,22.28,22.56,-34.26,0.55,1.0,0
-39.7,23.64,21.72,-273.15,0.61,1.0,0
-39.6,20.86,21.44,-273.15,0.66,0.96,0
-39.5,22.28,20.86,-52.78,0.68,1.0,0
-39.4,22.28,21.72,-52.78,0.7,0.96,0
-39.4,22.83,21.72,-52.78,0.71,1.04,0
-39.3,22.83,21.15,-273.15,0.7,1.0,0
-39.2,22.28,21.44,-43.9,0.68,1.0,0
-39.1,22.83,21.72,-273.15,0.66,1.0,0
-39.0,22.56,21.15,-273.15,0.64,1.0,0
-38.9,22.0,20.86,-273.15,0.63,0.96,0
-38.8,22.0,21.72,-52.78,0.62,1.0,0
-38.7,22.56,21.15,-273.15,0.6,1.0,0
-38.6,20.28,20.86,-273.15,0.59,1.04,0
-38.5,22.83,22.0,-52.78,0.59,1.0,0
-38.4,24.43,21.72,-273.15,0.59,0.96,0
-38.3,22.28,21.15,-273.15,0.57,1.0,0
-38.2,23.64,21.72,-273.15,0.57,1.0,0
-38.2,22.28,21.44,-52.78,0.57,1.0,0
-38.1,22.0,21.44,-273.15,0.56,1.0,0
-38.0,22.28,20.28,-273.15,0.56,1.04,0
-37.9,22.56,21.44,-273.15,0.55,0.96,0
-37.8,22.28,21.44,-273.15,0.58,0.96,0
-37.7,22.28,21.72,-273.15,0.58,1.0,0
-37.6,22.0,20.57,-273.15,0.55,1.0,0
-37.5,22.28,20.86,-273.15,0.57,1.04,0
-37.4,22.28,21.72,-38.36,0.57,1.0,0
-37.3,22.56,21.44,-273.15,0.57,1.0,0
-37.2,22.28,21.44,-273.15,0.59,1.04,0
-37.1,22.83,21.44,-28.23,0.6,1.0,0
-37.1,22.28,21.44,-273.15,0.59,0.96,0
-37.0,22.28,21.44,-273.15,0.59,1.0,0
-36.9,21.15,21.44,-273.15,0.61,1.04,0
-36.8,22.56,21.44,-38.36,0.62,1.0,0
-36.7,22.28,21.44,-273.15,0.62,1.0,0
-36.6,22.28,22.28,-273.15,0.62,1.0,0
-36.5,22.56,21.44,-273.15,0.63,1.04,0
-36.4,22.28,21.15,-273.15,0.63,0.96,0
-36.3,22.83,21.15,-273.15,0.62,1.0,0
-36.2,22.28,22.0,-273.15,0.62,0.96,0
-36.1,23.91,21.44,-273.15,0.61,1.04,0
-36.0,22.28,21.72,-43.9,0.61,0.96,0
-36.0,22.83,21.15,-273.15,0.6,0.96,0
-35.9,23.37,22.0,-52.78,0.61,0.96,0
-35.8,22.56,21.44,-34.26,0.62,1.0,0
-35.7,22.56,21.72,-273.15,0.62,1.0,0
-35.6,22.28,22.56,-52.78,0.62,1.04,0
-35.5,22.28,22.0,-273.15,0.61,1.0,0
-35.4,22.28,21.44,-273.15,0.62,1.0,0
-35.3,22.28,21.72,-273.15,0.62,1.0,0
-35.2,22.0,21.15,-52.78,0.63,1.0,0
-35.1,22.28,21.44,-52.78,0.64,1.0,0
-35.0,22.28,21.15,-273.15,0.62,1.04,0
-34.9,22.28,21.44,-52.78,0.62,1.0,0
-34.8,22.0,21.15,-52.78,0.61,1.04,0
-34.8,22.0,21.44,-273.15,0.62,1.0,0
-34.7,22.28,21.15,-273.15,0.62,1.0,0
-34.6,22.28,22.0,-273.15,0.63,1.04,0
-34.5,22.28,21.15,-273.15,0.64,1.0,0
-34.4,22.56,20.57,-273.15,0.64,1.04,0
-34.3,22.28,21.44,-38.36,0.63,1.0,0
-34.2,21.72,21.44,-273.15,0.62,1.0,0
-34.1,22.28,21.15,-273.15,0.61,1.0,0
-34.0,22.56,21.44,-273.15,0.6,0.96,0
-33.9,22.0,22.0,-273.15,0.6,1.0,0
-33.8,22.28,21.44,-52.78,0.58,1.0,0
-33.7,22.28,21.44,-273.15,0.6,1.04,0
-33.6,22.28,21.44,-273.15,0.62,1.0,0
-33.6,22.56,21.72,-273.15,0.63,0.96,0
-33.5,22.0,21.15,-273.15,0.65,1.0,0
-33.4,22.56,21.44,-273.15,0.63,1.0,0
-33.3,22.0,21.72,-273.15,0.62,1.0,0
-33.2,22.28,21.44,-43.9,0.62,1.0,0
-33.1,22.0,21.44,-273.15,0.63,1.0,0
-33.0,22.28,21.44,-273.15,0.63,1.0,0
-32.9,22.0,20.86,-273.15,0.64,1.0,0
-32.8,22.28,20.57,-273.15,0.62,1.0,0
-32.7,21.15,21.44,-273.15,0.62,1.0,0
-32.6,22.28,21.44,-273.15,0.63,1.0,0
-32.5,21.72,20.28,-273.15,0.64,1.0,0
-32.5,22.0,21.15,-273.15,0.64,1.0,0
-32.4,22.28,21.15,-52.78,0.67,1.04,0
-32.3,22.28,21.44,-273.15,0.7,1.0,0
-32.2,22.56,21.44,-273.15,0.7,1.04,0
-32.1,22.56,21.44,-273.15,0.74,1.0,0
-32.0,21.72,21.15,-273.15,0.87,1.0,0
-31.9,24.17,21.72,-273.15,0.97,1.0,0
-31.8,22.0,21.44,-273.15,0.93,0.96,0
-31.7,22.0,20.86,-273.15,0.87,1.0,0
-31.6,22.28,21.44,-273.15,0.86,0.96,0
-31.5,22.28,21.44,-34.26,0.84,1.0,0
-31.4,21.44,21.72,-273.15,0.84,1.04,0
-31.3,22.56,21.15,-273.15,0.85,1.0,0
-31.2,22.83,22.0,-34.26,0.85,0.96,0
-31.2,22.0,21.15,-38.36,0.84,1.0,0
-31.1,22.0,21.44,-273.15,0.82,1.04,0
-31.0,22.28,21.72,-273.15,0.8,0.96,0
-30.9,22.28,21.44,-273.15,0.77,1.0,0
-30.8,23.37,21.44,-273.15,0.73,1.0,0
-30.7,22.28,21.44,-21.86,0.75,1.0,0
-30.6,21.15,21.44,-273.15,0.75,1.0,0
-30.5,21.72,21.44,-273.15,0.78,0.96,0
-30.4,22.83,22.28,-273.15,0.81,1.0,0
-30.3,22.28,21.72,-52.78,0.82,0.96,0
-30.2,21.72,22.0,-38.36,0.8,0.96,0
-30.2,22.28,21.15,-273.15,0.78,1.0,0
-30.1,22.0,21.44,-273.15,0.76,1.04,0
-30.0,22.0,21.44,-28.23,0.74,1.0,0
-29.9,22.83,21.15,-273.15,0.73,1.04,0
-29.8,22.0,21.72,-273.15,0.72,1.0,0
-29.7,22.0,21.44,-52.78,0.73,1.0,0
-29.6,22.0,21.72,-273.15,0.73,1.0,0
-29.5,22.0,21.44,-273.15,0.76,1.0,0
-29.4,22.0,22.83,-273.15,0.78,1.0,0
-29.3,22.0,21.44,-273.15,0.79,1.04,0
-29.2,22.83,21.15,-273.15,0.75,0.96,0
-29.1,22.0,21.44,-273.15,0.69,0.96,0
-29.0,22.0,21.72,-38.36,0.66,1.0,0
-29.0,21.15,20.86,-52.78,0.67,1.0,0
-28.9,22.0,20.57,-273.15,0.69,0.96,0
-28.8,22.0,21.44,-38.36,0.72,1.0,0
-28.7,22.28,21.15,-273.15,0.7,1.04,0
-28.6,22.28,21.72,-273.15,0.69,1.0,0
-28.5,22.0,21.44,-273.15,0.69,0.96,0
-28.4,22.0,22.0,-273.15,0.68,1.0,0
-28.3,21.72,21.15,-273.15,0.66,1.0,0
-28.2,22.28,21.15,-273.15,0.67,0.96,0
-28.1,21.15,21.44,-28.23,0.66,1.04,0
-28.0,22.0,21.44,-273.15,0.64,0.96,0
-27.9,23.91,21.44,-273.15,0.63,1.04,0
-27.8,23.37,21.15,-273.15,0.63,0.96,0
-27.8,22.0,21.44,-273.15,0.64,1.0,0
-27.7,22.28,21.44,-273.15,0.66,1.0,0
-27.6,22.0,21.15,-273.15,0.66,1.0,0
-27.5,22.28,20.86,-52.78,0.66,1.0,0
-27.4,22.28,21.44,-273.15,0.65,1.0,0
-27.3,22.0,21.72,-273.15,0.65,1.04,0
-27.2,22.0,21.15,-273.15,0.67,0.96,0
-27.1,22.28,21.44,-273.15,0.69,1.0,0
-27.0,22.0,21.44,-273.15,0.69,1.0,0
-26.9,22.0,21.44,-273.15,0.68,1.0,0
-26.8,22.0,21.44,-273.15,0.67,1.04,0
-26.7,21.72,21.44,-273.15,0.67,1.0,0
-26.7,22.0,21.15,-52.78,0.67,1.0,0
-26.6,22.0,21.44,-273.15,0.67,0.96,0
-26.5,21.72,21.44,-273.15,0.65,1.0,0
-26.4,22.0,21.15,-52.78,0.64,0.96,0
-26.3,22.0,21.44,-273.15,0.65,1.0,0
-26.2,21.15,20.86,-43.9,0.64,1.04,0
-26.1,21.72,21.72,-23.75,0.63,1.0,0
-26.0,21.15,21.44,-23.75,0.63,1.0,0
-25.9,22.0,21.15,-52.78,0.62,0.96,0
-25.8,22.0,21.44,-43.9,0.63,0.96,0
-25.7,22.0,22.0,-273.15,0.65,1.0,0
-25.6,22.0,23.1,-273.15,0.63,0.96,0
-25.5,21.72,21.15,-273.15,0.6,0.96,0
-25.5,22.0,21.72,-273.15,0.58,1.04,0
-25.4,22.0,21.72,-43.9,0.59,0.96,0
-25.3,22.0,20.86,-273.15,0.59,0.96,0
-25.2,22.28,22.0,-273.15,0.59,1.0,0
-25.1,22.0,21.72,-52.78,0.6,0.96,0
-25.0,22.0,21.15,-273.15,0.61,1.0,0
-24.9,21.72,19.98,-273.15,0.61,1.04,0
-24.8,22.0,21.44,-20.15,0.59,1.0,0
-24.7,21.15,21.44,-52.78,0.58,0.96,0
-24.6,21.72,21.15,-273.15,0.63,0.96,0
-24.5,22.28,21.72,-52.78,0.69,1.0,0
-24.4,22.28,21.15,-273.15,0.68,1.0,0
-24.3,22.28,21.72,-273.15,0.65,1.0,0
-24.3,21.44,21.72,-273.15,0.68,1.0,0
-24.2,22.0,20.86,-273.15,0.69,1.0,0
-24.1,20.28,20.57,-273.15,0.7,1.0,0
-24.0,22.28,19.98,-273.15,0.69,1.0,0
-23.9,21.72,21.44,-273.15,0.69,0.96,0
-23.8,21.44,21.72,-43.9,0.67,1.04,0
-23.7,22.56,21.15,-28.23,0.66,1.0,0
-23.6,20.28,21.44,-273.15,0.66,1.0,0
-23.5,21.72,21.15,-273.15,0.69,1.0,0
-23.4,22.0,21.15,-52.78,0.69,1.0,0
-23.3,22.0,21.44,-273.15,0.67,1.0,0
-23.2,22.0,21.44,-273.15,0.68,1.0,0
-23.1,22.0,21.44,-273.15,0.7,1.0,0
-23.1,22.0,21.15,-273.15,0.68,1.04,0
-23.0,21.72,21.72,-273.15,0.68,1.0,0
-22.9,22.0,21.72,-273.15,0.69,1.0,0
-22.8,21.72,21.44,-273.15,0.68,1.0,0
-22.7,22.0,22.0,-273.15,0.69,1.0,0
-22.6,22.0,20.28,-273.15,0.68,1.0,0
-22.5,21.72,21.15,-273.15,0.66,1.0,0
-22.4,21.72,21.72,-273.15,0.66,1.0,0
-22.3,22.0,21.44,-52.78,0.66,1.0,0
-22.2,22.0,21.72,-273.15,0.65,1.0,0
-22.1,21.72,21.44,-21.86,0.64,1.0,0
-22.0,22.0,21.44,-43.9,0.64,1.0,0
-22.0,22.0,21.44,-25.85,0.63,1.0,0
-21.9,21.72,21.44,-273.15,0.63,1.0,0
-21.8,22.0,21.72,-52.78,0.64,1.0,0
-21.7,23.64,21.44,-273.15,0.64,1.0,0
-21.6,22.28,21.44,-273.15,0.63,1.0,0
-21.5,22.56,21.72,-52.78,0.63,1.0,0
-21.4,22.0,21.44,-34.26,0.63,1.0,0
-21.3,21.72,21.44,-273.15,0.62,1.04,0
-21.2,22.28,22.56,-273.15,0.61,1.0,0
-21.1,21.72,20.86,-273.15,0.61,1.0,0
-21.0,22.0,21.44,-273.15,0.6,1.0,0
-20.9,22.0,21.44,-273.15,0.6,1.0,0
-20.9,22.0,21.15,-273.15,0.6,1.0,0
-20.8,22.28,21.44,-34.26,0.59,1.0,0
-20.7,22.28,21.72,-273.15,0.58,0.96,0
-20.6,22.0,21.44,-273.15,0.58,1.0,0
-20.5,22.0,21.44,-52.78,0.58,1.0,0
-20.4,22.0,20.86,-273.15,0.59,1.0,0
-20.3,22.0,21.44,-273.15,0.6,0.96,0
-20.2,21.72,21.15,-273.15,0.57,0.96,0
-20.1,22.28,21.44,-273.15,0.55,1.0,0
-20.0,22.56,21.15,-38.36,0.55,1.0,0
-19.9,21.72,21.44,-52.78,0.54,1.0,0
-19.8,21.72,20.86,-43.9,0.53,1.0,0
-19.7,22.0,23.1,-273.15,0.52,1.0,0
-19.7,22.28,21.15,-273.15,0.51,1.0,0
-19.6,22.56,21.15,-273.15,0.51,1.0,0
-19.5,21.72,21.15,-273.15,0.52,1.0,0
-19.4,21.72,21.44,-273.15,0.51,1.04,0
-19.3,22.56,22.0,-273.15,0.51,1.04,0
-19.2,22.28,21.44,-273.15,0.52,1.04,0
-19.1,22.0,21.44,-273.15,0.51,1.0,0
-19.0,22.0,21.44,-273.15,0.47,0.96,0
-18.9,22.0,21.72,-273.15,0.45,1.0,0
-18.8,22.0,22.83,-273.15,0.44,0.96,0
-18.7,23.37,21.44,-273.15,0.43,1.0,0
-18.6,22.56,21.72,-273.15,0.46,1.0,0
-18.5,22.0,21.44,-273.15,0.49,1.0,0
-18.5,22.0,21.44,-273.15,0.48,1.0,0
-18.4,22.0,22.0,-25.85,0.49,0.96,0
-18.3,22.0,21.44,-273.15,0.48,1.0,0
-18.2,21.72,20.57,-273.15,0.49,1.0,0
-18.1,22.0,21.72,-273.15,0.5,1.04,0
-18.0,22.0,20.28,-273.15,0.51,1.04,0
-17.9,21.72,21.44,-273.15,0.51,1.0,0
-17.8,23.64,21.72,-273.15,0.5,1.0,0
-17.7,21.72,21.44,-273.15,0.5,0.96,0
-17.6,22.28,21.44,-273.15,0.5,1.0,0
-17.5,22.0,21.44,-43.9,0.48,1.0,0
-17.4,22.0,22.0,-23.75,0.47,1.0,0
-17.4,21.72,21.15,-273.15,0.47,1.0,0
-17.3,21.72,21.72,-273.15,0.47,0.96,0
-17.2,22.28,21.44,-52.78,0.46,1.04,0
-17.1,20.28,20.28,-273.15,0.47,0.96,0
-17.0,22.0,19.98,-273.15,0.48,1.04,0
-16.9,22.0,21.44,-273.15,0.47,1.0,0
-16.8,22.0,21.72,-273.15,0.47,1.0,0
-16.7,22.0,21.72,-273.15,0.48,1.0,0
-16.6,21.72,21.44,-273.15,0.5,1.0,0
-16.5,22.56,21.44,-52.78,0.51,1.0,0
-16.4,21.44,20.28,-273.15,0.5,0.96,0
-16.3,22.0,21.15,-273.15,0.49,1.0,0
-16.2,22.0,21.72,-273.15,0.49,0.96,0
-16.2,21.72,20.86,-273.15,0.49,1.04,0
-16.1,22.0,22.0,-273.15,0.5,1.04,0
-16.0,22.0,21.72,-52.78,0.5,1.0,0
-15.9,22.0,21.44,-273.15,0.48,1.0,0
-15.8,21.72,21.44,-273.15,0.48,0.96,0
-15.7,22.83,21.15,-273.15,0.48,1.04,0
-15.6,22.0,21.15,-52.78,0.48,1.0,0
-15.5,21.72,21.15,-52.78,0.48,1.0,0
-15.4,22.0,21.15,-52.78,0.47,1.0,0
-15.3,23.1,21.15,-273.15,0.46,1.04,0
-15.2,21.72,21.44,-273.15,0.46,0.96,0
-15.1,23.37,21.44,-273.15,0.45,1.0,0
-15.0,21.72,21.44,-273.15,0.45,1.0,0
-15.0,22.0,21.72,-273.15,0.44,1.0,0
-14.9,22.0,21.44,-25.85,0.44,1.0,0
-14.8,21.72,21.44,-28.23,0.44,1.0,0
-14.7,22.0,21.44,-34.26,0.44,1.04,0
-14.6,22.0,21.44,-273.15,0.44,0.96,0
-14.5,22.28,21.44,-273.15,0.42,1.0,0
-14.4,22.56,21.72,-273.15,0.42,1.0,0
-14.3,22.56,23.37,-273.15,0.42,1.04,0
-14.2,21.72,21.44,-273.15,0.43,1.04,0
-14.1,21.44,21.72,-273.15,0.42,1.0,0
-14.0,21.72,21.15,-273.15,0.41,1.0,0
-13.9,22.28,21.15,-52.78,0.41,1.0,0
-13.9,21.72,20.86,-273.15,0.4,1.0,0
-13.8,21.72,21.44,-34.26,0.39,1.0,0
-13.7,21.72,20.57,-273.15,0.39,0.96,0
-13.6,21.72,21.15,-273.15,0.39,1.0,0
-13.5,22.0,21.15,-43.9,0.37,1.0,0
-13.4,22.28,20.86,-273.15,0.36,1.04,0
-13.3,22.0,21.44,-273.15,0.37,1.04,0
-13.2,22.28,21.44,-273.15,0.37,1.0,0
-13.1,21.72,21.15,-273.15,0.36,1.0,0
-13.0,22.28,21.72,-34.26,0.36,1.0,0
-12.9,22.28,21.44,-273.15,0.39,1.04,0
-12.8,22.28,21.44,-273.15,0.4,1.04,0
-12.7,22.0,21.44,-273.15,0.43,1.0,0
-12.7,22.0,21.72,-34.26,0.46,1.04,0
-12.6,22.0,21.44,-273.15,0.47,0.96,0
-12.5,22.56,20.57,-273.15,0.47,1.0,0
-12.4,21.44,21.15,-52.78,0.45,1.0,0
-12.3,22.0,21.44,-273.15,0.44,1.0,0
-12.2,23.1,21.44,-273.15,0.42,1.0,0
-12.1,22.0,21.44,-52.78,0.4,1.0,0
-12.0,24.17,21.15,-273.15,0.4,1.0,0
-11.9,20.57,21.44,-273.15,0.36,1.0,0
-11.8,22.0,21.44,-273.15,0.34,1.0,0
-11.7,22.0,21.44,-273.15,0.35,1.0,0
-11.6,20.86,18.76,-273.15,0.36,1.04,0
-11.6,22.0,22.0,-273.15,0.36,0.96,0
-11.5,22.0,20.86,-273.15,0.36,0.96,0
-11.4,22.0,21.15,-273.15,0.36,1.0,0
-11.3,22.28,21.72,-25.85,0.37,1.0,0
-11.2,23.1,21.44,-273.15,0.37,1.0,0
-11.1,22.28,21.15,-273.15,0.36,1.04,0
-11.0,22.0,21.72,-273.15,0.36,1.0,0
-10.9,22.56,21.44,-273.15,0.37,1.0,0
-10.8,22.0,21.44,-273.15,0.37,1.0,0
-10.7,23.64,21.72,-273.15,0.36,1.0,0
-10.6,22.0,20.86,-273.15,0.36,0.96,0
-10.5,22.28,23.1,-30.98,0.36,1.0,0
-10.4,22.0,21.44,-43.9,0.36,1.04,0
-10.4,22.0,21.44,-273.15,0.37,1.0,0
-10.3,22.0,22.56,-273.15,0.36,1.0,0
-10.2,22.28,22.83,-273.15,0.36,1.0,0
-10.1,21.72,21.15,-43.9,0.36,1.0,0
-10.0,21.72,21.44,-273.15,0.36,0.96,0
-9.9,22.83,21.72,-273.15,0.35,1.0,0
-9.8,23.64,20.86,-273.15,0.34,1.0,0
-9.7,22.0,20.86,-273.15,0.34,1.0,0
-9.6,21.72,21.15,-52.78,0.34,1.0,0
-9.5,22.0,21.72,-273.15,0.33,1.0,0
-9.4,22.0,21.44,-273.15,0.33,1.0,0
-9.3,22.0,21.15,-52.78,0.34,0.96,0
-9.3,22.0,21.44,-273.15,0.33,0.96,0
-9.2,22.0,21.15,-273.15,0.32,1.0,0
-9.1,22.0,22.56,-273.15,0.32,1.0,0
-9.0,20.28,21.15,-273.15,0.32,1.0,0
-8.9,22.28,19.98,-273.15,0.32,1.0,0
-8.8,22.0,21.44,-43.9,0.31,0.96,0
-8.7,22.28,21.44,-273.15,0.31,1.0,0
-8.6,22.0,21.15,-273.15,0.31,1.0,0
-8.5,22.0,21.44,-273.15,0.34,1.0,0
-8.4,22.28,22.56,-52.78,0.38,1.0,0
-8.3,22.0,21.44,-52.78,0.37,1.0,0
-8.2,22.28,21.15,-273.15,0.36,1.0,0
-8.1,21.72,21.15,-38.36,0.38,1.0,0
-8.1,22.28,21.15,-52.78,0.4,1.0,0
-8.0,22.0,21.15,-273.15,0.4,1.0,0
-7.9,22.0,21.44,-273.15,0.39,1.0,0
-7.8,22.0,20.86,-273.15,0.38,1.04,0
-7.7,22.0,21.44,-273.15,0.36,1.0,0
-7.6,22.0,21.15,-273.15,0.35,1.0,0
-7.5,22.0,20.86,-273.15,0.36,1.0,0
-7.4,21.72,21.44,-273.15,0.37,0.96,0
-7.3,22.0,21.44,-273.15,0.36,0.96,0
-7.2,21.72,21.72,-273.15,0.36,1.0,0
-7.1,22.28,21.44,-273.15,0.37,1.0,0
-7.0,23.37,21.15,-273.15,0.36,1.04,0
-6.9,22.0,21.15,-43.9,0.35,1.04,0
-6.9,22.28,21.15,-25.85,0.35,0.96,0
-6.8,22.28,21.44,-273.15,0.37,0.96,0
-6.7,22.56,22.83,-273.15,0.36,0.96,0
-6.6,22.0,21.15,-52.78,0.35,1.0,0
-6.5,21.72,21.44,-273.15,0.43,1.0,0
-6.4,22.0,21.44,-273.15,0.6,1.0,0
-6.3,22.0,21.44,-273.15,0.63,1.0,0
-6.2,21.72,21.44,-273.15,0.68,1.0,0
-6.1,22.28,22.28,-273.15,0.72,1.0,0
-6.0,21.15,21.15,-38.36,0.66,1.0,0
-5.9,22.28,21.72,-43.9,0.6,1.04,0
-5.8,20.57,21.44,-30.98,0.54,1.0,0
-5.8,22.0,21.44,-273.15,0.5,1.0,0
-5.7,22.0,21.44,-273.15,0.49,1.0,0
-5.6,22.0,21.44,-273.15,0.5,1.0,0
-5.5,22.28,22.0,-38.36,0.57,1.0,0
-5.4,22.56,21.72,-273.15,0.59,1.0,0
-5.3,21.72,21.72,-273.15,0.54,1.04,0
-5.2,21.72,21.72,-273.15,0.5,1.0,0
-5.1,21.72,21.15,-273.15,0.47,1.0,0
-5.0,22.28,21.44,-273.15,0.48,1.0,0
-4.9,22.28,21.72,-273.15,0.5,1.04,0
-4.8,21.72,21.15,-273.15,0.49,0.96,0
-4.7,22.0,21.15,-273.15,0.47,0.96,0
-4.6,22.28,21.72,-273.15,0.46,1.04,0
-4.6,21.72,21.44,-28.23,0.44,0.96,0
-4.5,21.72,20.86,-273.15,0.42,1.0,0
-4.4,22.0,21.44,-273.15,0.41,1.0,0
-4.3,20.28,22.83,-43.9,0.41,1.0,0
-4.2,22.0,21.44,-273.15,0.41,1.0,0
-4.1,22.28,21.15,-273.15,0.44,0.96,0
-4.0,21.72,21.44,-38.36,0.46,1.0,0
-3.9,21.72,21.15,-43.9,0.43,1.04,0
-3.8,22.0,21.44,-273.15,0.54,1.0,0
-3.7,22.0,22.0,-52.78,0.75,1.0,0
-3.6,22.0,21.44,-34.26,0.68,1.0,0
-3.5,22.28,21.72,-273.15,0.42,1.0,0
-3.5,22.0,21.15,-273.15,0.37,1.0,0
-3.3,21.72,21.15,-273.15,0.69,0.96,0
-3.3,22.0,20.57,-52.78,1.5,1.0,0
-3.2,21.72,21.15,-273.15,1.69,0.96,0
-3.1,22.28,21.44,-273.15,1.3,0.96,0
-3.0,22.0,21.15,-273.15,1.56,1.0,0
-2.9,22.0,21.44,-43.9,2.61,0.96,0
-2.8,22.0,20.86,-273.15,3.23,1.0,0
-2.7,22.83,22.56,-273.15,1.27,1.0,0
-2.6,22.0,21.44,-273.15,1.01,1.0,0
-2.5,22.0,21.44,-273.15,1.07,0.96,0
-2.4,21.72,21.44,-273.15,1.07,0.96,0
-2.3,21.72,21.44,-38.36,1.05,1.0,0
-2.3,22.0,21.44,-43.9,1.1,0.96,0
-2.2,22.56,21.44,-273.15,1.16,1.04,0
-2.1,22.56,21.44,-30.98,1.19,0.96,0
-2.0,22.56,21.72,-52.78,1.2,0.96,0
-1.9,23.1,21.72,-52.78,1.2,1.0,0
-1.8,22.28,21.15,-273.15,1.23,1.0,0
-1.7,21.72,21.44,-273.15,1.24,1.0,0
-1.6,22.0,21.15,-273.15,1.24,1.0,0
-1.5,22.0,22.0,-273.15,1.22,1.0,0
-1.4,22.0,23.1,-273.15,1.23,1.0,0
-1.3,21.72,21.44,-273.15,1.24,1.0,0
-1.2,22.28,21.15,-273.15,1.21,1.0,0
-1.1,21.72,22.0,-273.15,1.21,1.0,0
-1.1,22.0,21.44,-273.15,1.24,0.96,0
-1.0,23.1,20.57,-28.23,1.25,1.0,0
-0.9,22.28,21.72,-43.9,1.25,1.04,0
-0.8,22.28,22.83,-273.15,1.25,1.0,0
-0.7,22.0,21.44,-273.15,1.25,1.0,0
-0.6,22.83,21.44,-273.15,1.25,1.0,0
-0.5,22.0,21.15,-273.15,1.25,0.96,0
-0.4,21.72,21.15,-38.36,1.26,1.0,0
-0.3,22.56,21.72,-273.15,1.27,0.96,0
-0.2,22.0,21.44,-18.58,1.26,1.0,0
-0.1,22.28,21.44,-273.15,1.26,1.0,0
0.0,21.72,20.28,-43.9,1.26,1.0,1
0.0,21.72,20.86,-273.15,1.22,1.0,1
0.1,21.72,21.72,-273.15,0.3,5.22,1
0.2,22.0,21.44,-273.15,-0.37,7.04,1
0.3,20.57,21.72,-273.15,5.28,8.3,1
0.4,22.0,21.44,-52.78,18.85,7.92,1
0.5,21.72,21.15,-273.15,29.27,7.97,1
0.6,21.44,21.44,-273.15,33.41,7.84,1
0.7,23.64,21.15,-273.15,34.98,7.84,1
0.8,22.0,19.98,-43.9,36.05,7.92,1
0.9,22.0,21.72,-273.15,37.2,7.97,1
1.0,21.72,21.44,-34.26,38.27,7.97,1
1.1,21.72,21.15,-52.78,38.75,7.92,1
1.2,22.0,19.98,-52.78,39.0,8.26,1
1.2,22.0,21.44,-52.78,39.2,8.18,1
1.3,22.0,21.44,-273.15,39.39,8.3,1
1.4,22.0,20.28,-25.85,39.6,8.26,1
1.5,22.0,21.44,-38.36,40.05,8.3,1
1.6,22.0,21.44,-273.15,40.32,8.47,1
1.7,22.0,21.44,-273.15,40.48,8.56,1
1.8,21.44,21.15,-30.98,40.58,8.26,1
1.9,21.72,21.44,-273.15,40.62,8.43,1
2.0,21.44,21.72,-52.78,40.7,8.47,1
2.1,22.0,21.44,-38.36,40.77,8.52,1
2.2,22.0,21.44,-273.15,40.91,8.6,1
2.3,22.0,20.28,-273.15,41.02,8.64,1
2.4,22.0,21.44,-273.15,41.05,8.3,1
2.4,22.28,21.44,-273.15,41.11,8.56,1
2.5,22.0,21.15,-273.15,41.17,8.3,1
2.6,22.28,22.83,-273.15,41.25,8.3,1
2.7,19.68,21.44,-43.9,41.3,8.3,1
2.8,22.0,21.15,-273.15,41.35,8.39,1
2.9,22.28,21.72,-43.9,41.35,8.43,1
3.0,22.0,21.15,-273.15,41.31,8.39,1
3.1,22.0,21.72,-273.15,41.36,8.09,1
3.2,22.0,21.72,-273.15,41.43,8.09,1
3.3,21.72,21.44,-52.78,41.43,8.26,1
3.4,22.0,21.72,-52.78,41.42,8.35,1
3.5,21.15,23.1,-273.15,41.42,8.35,1
3.5,22.28,21.72,-273.15,41.43,8.22,1
3.6,22.0,21.44,-273.15,41.5,8.3,1
3.7,20.86,21.44,-273.15,41.45,8.18,1
3.8,21.72,21.72,-273.15,41.2,8.35,1
3.9,22.0,21.44,-273.15,41.02,8.26,1
4.0,22.28,22.0,-52.78,41.02,7.92,1
4.1,22.28,21.72,-23.75,40.96,7.92,1
4.2,22.28,21.44,-273.15,40.61,8.01,1
4.3,22.28,22.0,-273.15,40.14,7.76,1
4.4,20.57,21.72,-273.15,39.8,7.67,1
4.5,20.57,21.72,-273.15,39.19,7.92,1
4.6,20.86,21.72,-273.15,38.86,7.71,1
4.7,22.56,21.72,-273.15,38.66,7.29,1
4.7,22.56,22.0,-273.15,37.96,6.66,1
4.8,22.28,22.0,-52.78,36.47,4.04,1
4.9,22.28,21.15,-52.78,32.25,-0.18,1
5.0,22.28,23.64,-273.15,20.41,-1.58,1
5.1,22.56,22.28,-273.15,7.79,-1.32,1
5.2,22.28,22.28,-38.36,3.19,-1.11,1
5.3,22.56,22.28,-273.15,2.4,-0.9,1
5.4,22.83,22.28,-52.78,2.36,-0.69,1
5.5,22.83,22.56,-273.15,2.33,-0.48,1
5.6,23.91,22.83,-38.36,2.29,-0.27,1
5.7,22.83,21.15,-273.15,2.27,-0.14,1
5.8,22.83,22.28,-273.15,2.26,0.03,1
5.8,22.83,22.28,-52.78,2.24,0.11,1
5.9,23.1,22.28,-273.15,2.23,0.2,1
6.0,23.1,22.56,-273.15,2.22,0.32,1
6.1,23.1,22.56,-273.15,2.23,0.41,1
6.2,23.37,22.83,-273.15,2.23,0.45,1
6.3,23.37,23.91,-273.15,2.22,0.53,1
6.4,23.37,22.83,-273.15,2.23,0.58,0
6.5,23.37,22.83,-52.78,2.26,0.66,0
6.6,22.56,23.1,-52.78,2.29,0.66,0
6.7,25.2,21.72,-30.98,2.3,0.75,0
6.8,23.37,22.56,-273.15,2.31,0.75,0
6.9,23.37,22.83,-52.78,2.32,0.83,0
7.0,24.43,22.56,-273.15,2.31,0.79,0
7.0,23.91,23.37,-273.15,2.3,0.79,0
7.1,23.91,23.64,-273.15,2.29,0.87,0
7.2,24.17,23.1,-273.15,2.3,0.87,0
7.3,23.91,23.64,-273.15,2.32,0.83,0
7.4,24.69,23.37,-273.15,2.33,0.87,0
7.5,24.43,23.37,-273.15,2.35,0.87,0
7.6,24.17,24.69,-273.15,2.35,0.87,0
7.7,23.91,23.37,-273.15,2.37,0.83,0
7.8,24.43,23.64,-273.15,2.38,0.87,0
7.9,24.43,23.64,-273.15,2.38,0.87,0
8.0,24.69,24.17,-52.78,2.41,0.87,0
8.1,24.95,24.69,-273.15,2.41,0.87,0
8.2,25.2,24.17,-273.15,2.42,0.91,0
8.2,25.2,24.43,-52.78,2.42,0.91,0
8.3,24.95,23.91,-273.15,2.44,0.87,0
8.4,25.2,24.17,-38.36,2.47,0.87,0
8.5,25.71,23.64,-52.78,2.48,0.91,0
8.6,24.43,24.43,-52.78,2.49,0.87,0
8.7,25.96,24.43,-273.15,2.49,0.91,0
8.8,25.71,24.43,-273.15,2.49,0.91,0
8.9,24.17,24.69,-52.78,2.49,0.91,0
9.0,25.96,24.95,-273.15,2.49,0.91,0
9.1,26.2,25.2,-273.15,2.48,0.91,0
9.2,25.71,24.95,-273.15,2.47,0.91,0
9.3,26.45,24.95,-273.15,2.47,0.91,0
9.3,26.94,25.2,-52.78,2.45,0.87,0
9.4,27.89,25.2,-273.15,2.46,0.87,0
9.5,26.7,25.2,-273.15,2.48,0.91,0
9.6,26.7,25.71,-273.15,2.47,0.87,0
9.7,26.94,24.69,-273.15,2.47,0.91,0
9.8,27.18,25.46,-273.15,2.46,0.87,0
9.9,27.66,25.2,-273.15,2.45,0.87,0
10.0,27.42,25.71,-28.23,2.43,0.91,0
10.1,27.66,25.71,-273.15,2.44,0.87,0
10.2,27.66,25.71,-43.9,2.44,0.87,0
10.3,27.89,27.42,-273.15,2.43,0.87,0
10.4,27.89,26.2,-273.15,2.44,0.87,0
10.5,28.36,26.45,-273.15,2.45,0.87,0
10.5,28.59,26.2,-273.15,2.46,0.83,0
10.6,28.59,26.2,-273.15,2.44,0.87,0
10.7,28.59,26.7,-52.78,2.4,0.87,0
10.8,29.05,26.7,-52.78,2.41,0.83,0
10.9,28.82,26.7,-273.15,2.47,0.83,0
11.0,29.05,27.18,-273.15,2.53,0.87,0
11.1,29.28,26.94,-273.15,2.58,0.83,0
11.2,29.73,27.18,-273.15,2.6,0.83,0
11.3,29.73,27.18,-52.78,2.61,0.87,0
11.4,29.73,27.18,-273.15,2.64,0.83,0
11.5,30.18,27.66,-273.15,2.61,0.83,0
11.6,30.18,27.18,-273.15,2.59,0.87,0
11.7,30.18,27.89,-273.15,2.59,0.83,0
11.7,29.95,27.89,-52.78,2.58,0.83,0
11.8,30.62,27.66,-273.15,2.55,0.83,0
11.9,30.84,28.13,-273.15,2.51,0.83,0
12.0,30.18,28.36,-273.15,2.5,0.83,0
12.1,31.05,28.13,-273.15,2.53,0.87,0
12.2,31.7,29.28,-52.78,2.57,0.87,0
12.3,32.12,28.82,-273.15,2.54,0.83,0
12.4,30.84,28.59,-273.15,2.5,0.83,0
12.5,32.12,28.82,-273.15,2.48,0.83,0
12.6,32.12,29.28,-273.15,2.55,0.79,0
12.7,32.54,29.28,-273.15,2.59,0.87,0
12.8,32.12,29.28,-273.15,2.58,0.83,0
12.8,32.75,29.05,-273.15,2.57,0.83,0
12.9,33.57,29.51,-273.15,2.57,0.87,0
13.0,34.17,29.51,-273.15,2.57,0.83,0
13.1,34.37,29.95,-52.78,2.55,0.87,0
13.2,35.16,29.95,-52.78,2.55,0.83,0
13.3,33.77,30.18,-273.15,2.55,0.83,0
13.4,33.97,30.18,-273.15,2.53,0.87,0
13.5,34.57,30.4,-273.15,2.53,0.87,0
13.6,34.77,30.62,-273.15,2.53,0.87,0
13.7,34.77,30.84,-273.15,2.55,0.83,0
13.8,35.55,30.62,-52.78,2.56,0.87,0
13.9,35.36,31.27,-273.15,2.59,0.83,0
14.0,35.75,31.27,-273.15,2.6,0.83,0
14.0,36.32,31.48,-273.15,2.61,0.79,0
14.1,36.13,32.33,-273.15,2.62,0.83,0
14.2,36.51,31.7,-273.15,2.61,0.87,0
14.3,35.94,31.91,-43.9,2.62,0.83,0
14.4,37.08,32.12,-273.15,2.62,0.83,0
14.5,37.26,31.48,-52.78,2.62,0.87,0
14.6,37.45,32.54,-34.26,2.62,0.87,0
14.7,37.82,32.95,-273.15,2.63,0.87,0
14.8,38.19,33.16,-273.15,2.65,0.87,0
14.9,38.55,33.36,-273.15,2.66,0.87,0
15.0,38.73,32.95,-273.15,2.67,0.83,0
15.1,38.91,33.16,-273.15,2.67,0.87,0
15.1,39.45,33.36,-273.15,2.67,0.87,0
15.2,39.98,32.95,-273.15,2.66,0.83,0
15.3,39.98,33.77,-273.15,2.66,0.87,0
15.4,40.15,33.57,-38.36,2.67,0.87,0
15.5,40.5,34.17,-273.15,2.68,0.87,0
15.6,39.98,34.37,-52.78,2.68,0.87,0
15.7,41.2,34.57,-273.15,2.67,0.91,0
15.8,41.54,34.77,-52.78,2.67,0.87,0
15.9,41.88,34.97,-273.15,2.66,0.91,0
16.0,42.22,35.16,-52.78,2.65,0.91,0
16.1,42.72,35.16,-273.15,2.66,0.91,0
16.2,42.88,35.55,-273.15,2.66,0.91,0
16.3,43.05,35.55,-52.78,2.65,0.91,0
16.3,42.88,35.75,-273.15,2.65,0.91,0
16.4,43.87,37.45,-273.15,2.65,0.87,0
16.5,44.2,35.94,-273.15,2.64,0.91,0
16.6,44.36,36.7,-273.15,2.65,0.91,0
16.7,45.16,36.7,-273.15,2.66,0.96,0
16.8,45.32,37.08,-273.15,2.66,0.91,0
16.9,44.68,37.26,-52.78,2.64,0.96,0
17.0,45.64,37.45,-273.15,2.64,0.91,0
17.1,46.27,37.63,-273.15,2.65,0.87,0
17.2,47.04,38.19,-52.78,2.66,0.96,0
17.3,47.35,38.19,-273.15,2.66,0.96,0
17.4,47.66,38.37,-273.15,2.66,0.91,0
17.5,47.96,38.73,-273.15,2.67,0.91,0
17.5,48.57,38.91,-273.15,2.68,0.91,0
17.6,48.72,39.09,-52.78,2.66,0.91,0
17.7,49.17,39.98,-273.15,2.65,0.96,0
17.8,49.62,39.63,-273.15,2.67,0.91,0
17.9,49.91,39.8,-273.15,2.69,0.91,0
18.0,50.35,39.98,-273.15,2.67,0.96,0
18.1,50.79,40.5,-273.15,2.63,0.91,0
18.2,50.94,40.33,-273.15,2.6,0.91,0
18.3,51.52,40.68,-273.15,2.57,0.91,0
18.4,51.66,41.2,-273.15,2.55,0.96,0
18.5,52.24,41.54,-273.15,2.54,0.96,0
18.6,52.81,41.88,-273.15,2.54,0.96,0
18.6,52.95,42.05,-273.15,2.53,0.87,0
18.7,53.52,42.38,-273.15,2.52,0.91,0
18.8,53.8,42.55,-273.15,2.52,0.91,0
18.9,54.22,42.72,-273.15,2.53,0.91,0
19.0,54.63,43.05,-34.26,2.52,0.91,0
19.1,55.05,43.38,-273.15,2.5,0.91,0
19.2,56.15,43.22,-43.9,2.49,0.91,0
19.3,55.74,43.54,-43.9,2.48,0.96,0
19.4,56.28,44.2,-273.15,2.49,0.96,0
19.5,56.56,44.52,-273.15,2.49,0.91,0
19.6,56.96,44.84,-273.15,2.49,0.91,0
19.7,57.23,45.16,-273.15,2.51,0.96,0
19.8,58.58,45.32,-52.78,2.5,0.91,0
19.8,58.31,45.64,-273.15,2.49,0.87,0
19.9,58.71,45.64,-273.15,2.49,0.96,0
20.0,58.84,46.27,-52.78,2.49,0.91,0
20.1,59.24,46.58,-273.15,2.49,0.91,0
20.2,59.5,46.73,-273.15,2.49,0.91,0
20.3,59.5,47.04,-43.9,2.49,0.91,0
20.4,60.43,47.2,-43.9,2.49,0.91,0
20.5,60.82,46.89,-273.15,2.49,0.91,0
20.6,61.86,47.35,-273.15,2.48,0.96,0
20.7,61.47,48.12,-273.15,2.47,0.96,0
20.8,61.86,48.72,-273.15,2.47,0.96,0
20.9,61.99,48.72,-52.78,2.46,0.96,0
20.9,62.64,48.42,-273.15,2.45,0.91,0
21.0,62.89,49.32,-52.78,2.45,0.91,0
21.1,63.28,49.47,-30.98,2.45,0.91,0
21.2,63.66,49.77,-52.78,2.46,0.96,0
21.3,64.05,50.21,-273.15,2.46,0.96,0
21.4,64.43,50.5,-273.15,2.45,0.96,0
21.5,64.56,50.5,-30.98,2.46,0.91,0
21.6,64.94,50.94,-273.15,2.46,0.91,0
21.7,65.32,51.81,-52.78,2.46,0.91,0
21.8,65.7,51.52,-273.15,2.46,0.91,0
21.9,66.08,51.95,-273.15,2.45,0.91,0
22.0,66.46,52.24,-273.15,2.46,0.91,0
22.1,66.84,52.38,-273.15,2.47,0.96,0
22.1,67.21,52.67,-52.78,2.51,0.96,0
22.2,67.46,53.23,-273.15,2.5,0.96,0
22.3,67.72,53.09,-273.15,2.43,0.91,0
22.4,68.09,53.52,-273.15,2.4,0.91,0
22.5,68.47,54.08,-273.15,2.42,0.96,0
22.6,68.72,54.08,-273.15,2.43,0.96,0
22.7,69.09,54.36,-52.78,2.42,0.96,0
22.8,69.22,54.63,-38.36,2.42,0.96,0
22.9,69.59,54.91,-52.78,2.43,0.96,0
23.0,70.09,54.91,-273.15,2.43,0.91,0
23.1,70.34,55.33,-273.15,2.42,0.91,0
23.2,70.71,55.87,-273.15,2.41,0.91,0
23.2,70.96,55.87,-273.15,2.41,0.91,0
23.3,71.33,56.15,-273.15,2.41,0.96,0
23.4,71.7,56.42,-273.15,2.41,0.91,0
23.5,72.08,56.69,-273.15,2.4,0.96,0
23.6,72.32,56.96,-52.78,2.39,0.96,0
23.7,72.57,57.37,-273.15,2.38,0.96,0
23.8,73.69,57.64,-273.15,2.38,0.91,0
23.9,73.19,57.77,-273.15,2.38,0.91,0
24.0,72.94,58.04,-52.78,2.39,0.96,0
24.1,73.81,58.31,-273.15,2.38,0.96,0
24.2,74.06,58.44,-273.15,2.39,0.91,0
24.3,74.43,58.71,-273.15,2.39,0.96,0
24.4,74.68,59.11,-273.15,2.39,0.96,0
24.4,74.92,59.24,-273.15,2.39,0.91,0
24.5,76.04,59.5,-273.15,2.39,0.91,0
24.6,75.67,59.64,-273.15,2.4,0.91,0
24.7,75.91,60.03,-273.15,2.4,0.91,0
24.8,76.16,60.16,-273.15,2.4,0.91,0
24.9,76.53,60.56,-273.15,2.4,0.91,0
25.0,76.78,60.69,-38.36,2.41,0.96,0
25.1,77.03,60.95,-52.78,2.42,0.96,0
25.2,77.28,61.08,-273.15,2.42,0.91,0
25.3,77.65,61.21,-273.15,2.42,0.91,0
25.4,77.9,61.47,-273.15,2.43,0.91,0
25.5,78.14,62.12,-273.15,2.42,0.91,0
25.6,78.39,62.12,-273.15,2.42,0.91,0
25.6,78.76,62.25,-273.15,2.43,0.96,0
25.7,79.01,62.51,-273.15,2.43,0.96,0
25.8,79.26,62.76,-273.15,2.42,0.96,0
25.9,79.63,62.89,-273.15,2.42,0.91,0
26.0,79.88,63.28,-273.15,2.43,0.96,0
26.1,80.13,63.41,-273.15,2.43,0.91,0
26.2,80.51,63.53,-52.78,2.42,0.91,0
26.3,80.76,63.53,-273.15,2.43,0.96,0
26.4,81.13,64.17,-273.15,2.46,0.96,0
26.5,80.63,64.17,-43.9,2.47,0.96,0
26.6,81.63,64.3,-273.15,2.47,0.91,0
26.7,81.88,64.68,-273.15,2.49,0.91,0
26.8,82.13,65.45,-52.78,2.49,0.91,0
26.8,82.38,65.32,-52.78,2.5,0.96,0
26.9,82.76,65.32,-273.15,2.51,0.91,0
27.0,83.01,65.45,-273.15,2.52,0.91,0
27.1,83.26,65.7,-273.15,2.53,0.91,0
27.2,83.52,65.83,-273.15,2.56,0.91,0
27.3,83.77,66.08,-273.15,2.6,0.91,0
27.4,83.52,66.21,-273.15,2.62,0.96,0
27.5,84.27,66.46,-273.15,2.61,0.91,0
27.6,84.65,66.58,-273.15,2.63,0.91,0
27.7,84.91,66.96,-273.15,2.67,0.87,0
27.8,84.78,66.96,-273.15,2.7,1.0,0
27.9,84.78,67.21,-273.15,2.73,1.0,0
27.9,85.67,67.34,-52.78,2.74,0.91,0
28.0,85.93,67.59,-273.15,2.72,0.91,0
28.1,86.18,67.59,-273.15,2.7,0.91,0
28.2,86.44,67.59,-43.9,2.7,0.91,0
28.3,86.82,68.72,-52.78,2.74,0.91,0
28.4,86.95,68.22,-273.15,2.77,0.91,0
28.5,87.34,68.47,-273.15,2.75,0.96,0
28.6,87.47,68.72,-273.15,2.76,0.96,0
28.7,87.85,68.84,-273.15,2.76,0.96,0
28.8,88.11,69.09,-273.15,2.76,0.91,0
28.9,88.37,69.09,-273.15,2.75,0.91,0
29.0,88.5,69.59,-273.15,2.75,0.91,0
29.1,88.89,69.59,-273.15,2.76,0.96,0
29.1,89.15,69.59,-273.15,2.76,0.91,0
29.2,89.54,69.84,-273.15,2.75,0.96,0
29.3,89.54,69.96,-52.78,2.76,0.96,0
29.4,89.93,70.21,-52.78,2.76,0.91,0
29.5,90.06,70.46,-52.78,2.75,0.91,0
29.6,90.33,70.34,-52.78,2.75,0.91,0
29.7,90.59,70.59,-273.15,2.75,0.96,0
29.8,90.85,70.96,-30.98,2.75,0.91,0
29.9,91.12,70.96,-273.15,2.74,0.91,0
30.0,91.51,71.21,-273.15,2.74,0.96,0
30.1,91.64,71.21,-273.15,2.75,0.91,0
30.2,91.91,71.46,-273.15,2.78,0.91,0
30.2,92.18,71.7,-38.36,2.78,0.96,0
30.3,92.44,71.7,-52.78,2.77,0.87,0
30.4,92.58,71.95,-52.78,2.76,0.91,0
30.5,92.84,72.08,-273.15,2.75,0.91,0
30.6,92.84,72.2,-273.15,2.74,0.91,0
30.7,92.71,72.32,-273.15,2.73,0.91,0
30.8,93.65,72.57,-273.15,2.73,0.91,0
30.9,93.92,72.45,-52.78,2.73,0.96,0
31.0,94.06,72.7,-38.36,2.75,0.91,0
31.1,94.33,72.82,-273.15,2.75,0.91,0
31.2,94.6,73.07,-273.15,2.75,1.0,0
31.3,94.87,73.19,-273.15,2.74,0.91,0
31.4,95.01,73.32,-52.78,2.75,0.91,0
31.4,95.14,73.32,-273.15,2.77,0.96,0
31.5,95.56,73.44,-273.15,2.78,0.91,0
31.6,95.69,73.69,-34.26,2.82,0.96,0
31.7,95.83,73.81,-273.15,2.86,0.96,0
31.8,96.11,73.81,-52.78,2.86,0.91,0
31.9,96.24,74.06,-52.78,2.84,0.91,0
32.0,96.52,74.18,-52.78,2.84,0.91,0
32.1,96.66,74.18,-273.15,2.83,0.91,0
32.2,97.08,74.43,-273.15,2.82,0.96,0
32.3,97.22,74.43,-52.78,2.83,0.96,0
32.4,97.36,74.31,-52.78,2.85,0.96,0
32.5,97.64,74.8,-273.15,2.85,0.91,0
32.5,97.78,74.92,-273.15,2.83,0.96,0
32.6,97.92,75.05,-273.15,2.81,0.91,0
32.7,98.2,75.42,-52.78,2.81,0.87,0
32.8,98.9,75.42,-273.15,2.81,0.96,0
32.9,98.62,75.42,-273.15,2.81,0.91,0
33.0,98.76,75.42,-52.78,2.83,0.91,0
33.1,98.9,75.67,-273.15,2.84,0.91,0
33.2,99.19,75.79,-38.36,2.8,0.91,0
33.3,99.33,75.79,-273.15,2.79,0.91,0
33.4,99.47,76.04,-52.78,2.79,0.91,0
33.5,99.76,76.04,-273.15,2.77,0.87,0
33.6,99.9,76.53,-273.15,2.77,0.91,0
33.7,100.19,76.29,-273.15,2.76,0.91,0
33.7,100.34,76.29,-273.15,2.75,0.96,0
33.8,100.34,76.41,-38.36,2.74,0.87,0
33.9,100.62,76.41,-273.15,2.75,0.91,0
34.0,100.77,76.66,-273.15,2.76,0.91,0
34.1,100.91,76.78,-273.15,2.76,0.91,0
34.2,101.06,76.9,-273.15,2.77,0.91,0
34.3,101.2,77.03,-30.98,2.79,0.91,0
34.4,101.5,77.03,-273.15,2.8,0.91,0
34.5,102.38,77.03,-273.15,2.82,0.91,0
34.6,101.79,77.15,-273.15,2.83,0.96,0
34.7,101.94,77.65,-273.15,2.83,0.91,0
34.8,102.08,77.52,-43.9,2.83,0.91,0
34.8,102.23,77.4,-273.15,2.83,0.96,0
34.9,102.23,77.77,-273.15,2.83,0.96,0
35.0,102.53,77.65,-273.15,2.83,0.87,0
35.1,102.97,77.77,-273.15,2.84,0.91,0
35.2,103.57,77.77,-273.15,2.85,0.91,0
35.3,103.12,77.9,-273.15,2.83,0.91,0
35.4,103.12,77.9,-52.78,2.81,0.91,0
35.5,103.27,78.02,-273.15,2.8,0.96,0
35.6,103.42,78.14,-273.15,2.8,0.91,0
35.7,103.57,78.39,-273.15,2.81,0.91,0
35.8,103.72,78.39,-273.15,2.83,0.96,0
35.9,103.87,78.39,-273.15,2.85,0.91,0
36.0,104.02,78.52,-273.15,2.84,0.91,0
36.0,104.17,78.64,-273.15,2.83,0.91,0
36.2,104.32,78.76,-52.78,2.81,0.91,0
36.3,104.47,78.64,-273.15,2.81,0.91,0
36.4,104.62,78.89,-52.78,2.81,0.96,0
36.5,104.93,79.01,-273.15,2.82,0.96,0
36.6,104.93,79.01,-28.23,2.82,0.96,0
36.7,104.77,79.01,-273.15,2.82,0.91,0
36.8,105.23,79.14,-30.98,2.82,0.87,0
36.8,105.39,79.14,-273.15,2.83,0.91,0
36.9,105.54,79.39,-273.15,2.84,0.96,0
37.0,105.54,79.51,-52.78,2.83,0.96,0
37.1,105.69,79.39,-273.15,2.82,0.91,0
37.2,105.85,79.51,-273.15,2.83,0.96,0
37.3,106.0,79.51,-273.15,2.85,0.96,0
37.4,105.39,79.63,-273.15,2.85,0.91,0
37.5,106.16,79.63,-273.15,2.86,0.87,0
37.5,106.31,80.01,-273.15,2.88,0.87,0
37.6,106.47,79.88,-273.15,2.88,0.87,0
37.7,107.25,80.01,-52.78,2.88,0.91,0
37.8,106.62,80.01,-52.78,2.9,0.96,0
37.9,106.78,79.88,-273.15,2.91,0.91,0
38.0,106.78,80.13,-273.15,2.91,0.96,0
38.1,106.93,80.13,-52.78,2.91,0.91,0
38.2,107.88,80.26,-273.15,2.94,0.91,0
38.3,107.25,80.26,-273.15,2.93,0.91,0
38.3,107.25,80.38,-273.15,2.17,0.91,0
38.4,107.4,80.38,-273.15,-0.29,0.91,0
38.5,107.56,80.51,-273.15,-1.15,0.87,0
38.6,107.56,80.51,-273.15,-1.17,0.91,0
38.7,107.56,80.26,-43.9,-1.17,0.91,0
38.8,107.72,80.63,-273.15,-1.16,0.91,0
38.9,107.88,80.76,-38.36,-1.17,0.87,0
39.0,107.88,80.76,-273.15,-1.16,0.91,0
39.1,108.04,80.88,-273.15,-1.15,0.91,0
39.2,108.04,80.63,-43.9,-1.15,0.96,0
39.3,108.04,80.76,-273.15,-1.15,0.87,0
39.4,108.19,81.01,-52.78,-1.16,0.91,0
39.5,108.35,81.01,-273.15,-1.15,0.96,0
39.5,108.35,81.13,-273.15,-1.15,0.91,0
39.6,108.35,80.76,-34.26,-1.15,0.91,0
39.7,108.51,81.13,-273.15,-1.14,0.91,0
39.8,108.51,81.38,-273.15,-1.14,0.91,0
39.9,108.51,81.38,-52.78,-1.15,0.91,0
40.0,108.67,81.01,-273.15,-1.15,0.91,0
40.1,108.67,81.51,-273.15,-1.15,0.91,0
40.2,108.83,81.51,-273.15,-1.15,0.91,0
40.3,109.16,81.51,-52.78,-1.16,0.91,0
40.4,108.83,81.51,-273.15,-1.15,0.91,0
40.5,108.99,81.63,-273.15,-1.15,0.91,0
40.6,108.67,81.63,-43.9,-1.16,0.96,0
40.6,108.99,81.76,-273.15,-1.16,0.91,0
40.7,109.16,82.26,-273.15,-1.17,0.96,0
40.8,109.32,82.01,-273.15,-1.18,0.91,0
40.9,109.32,82.01,-273.15,-1.18,0.91,0
41.0,109.8,82.01,-273.15,-1.18,0.96,0
41.1,109.48,82.01,-273.15,-1.2,0.91,0
41.2,109.48,82.13,-273.15,-1.2,0.91,0
41.3,109.48,82.13,-43.9,-1.21,0.91,0
41.4,109.32,82.26,-273.15,-1.22,0.91,0
41.5,109.64,82.26,-273.15,-1.23,0.87,0
41.6,109.8,82.01,-273.15,-1.23,0.87,0
41.7,109.8,82.38,-273.15,-1.25,0.91,0
41.8,109.8,82.38,-273.15,-1.25,0.91,0
41.8,109.97,82.38,-273.15,-1.26,0.91,0
41.9,109.97,82.38,-273.15,-1.27,0.91,0
42.0,110.13,82.51,-52.78,-1.28,0.91,0
42.1,110.46,82.64,-273.15,-1.29,0.96,0
42.2,110.13,82.64,-52.78,-1.29,0.91,0
42.3,110.13,82.76,-273.15,-1.3,0.91,0
42.4,110.29,82.76,-273.15,-1.3,0.96,0
42.5,110.29,82.76,-273.15,-1.3,0.91,0
42.6,110.29,83.39,-273.15,-1.31,0.91,0
42.7,110.46,82.89,-273.15,-1.32,0.87,0
42.8,110.46,83.01,-273.15,-1.33,0.91,0
42.9,110.62,83.01,-273.15,-1.34,0.96,0
43.0,110.62,83.52,-273.15,-1.34,0.91,0
43.0,110.62,82.64,-273.15,-1.34,0.91,0
43.1,110.62,83.64,-273.15,-1.35,0.91,0
43.2,110.79,83.26,-273.15,-1.36,0.96,0
43.3,110.79,83.26,-273.15,-1.37,0.91,0
43.4,110.95,83.39,-273.15,-1.37,0.91,0
43.5,110.95,83.39,-52.78,-1.38,0.91,0
43.6,110.95,83.39,-273.15,-1.38,0.96,0
43.7,111.12,83.52,-52.78,-1.38,0.91,0
43.8,111.28,83.52,-273.15,-1.39,0.91,0
43.9,111.12,83.64,-273.15,-1.41,0.87,0
44.0,111.28,83.64,-273.15,-1.42,0.91,0
44.1,111.28,83.64,-52.78,-1.41,0.91,0
44.1,111.28,83.77,-273.15,-1.42,0.91,0
44.2,111.28,83.77,-273.15,-1.42,0.96,0
44.3,111.45,83.64,-273.15,-1.42,0.96,0
44.4,111.45,83.9,-273.15,-1.43,0.91,0
44.5,111.95,83.9,-273.15,-1.43,0.87,0
44.6,111.61,83.9,-273.15,-1.43,0.96,0
44.7,111.78,84.02,-43.9,-1.44,0.91,0
44.8,111.78,84.02,-273.15,-1.44,0.91,0
44.9,111.78,84.02,-52.78,-1.44,0.91,0
45.0,111.78,84.15,-273.15,-1.44,0.91,0
45.1,111.95,84.15,-52.78,-1.44,0.96,0
45.2,111.95,84.27,-273.15,-1.44,0.91,0
45.3,112.12,84.27,-273.15,-1.44,0.87,0
45.3,111.95,84.15,-52.78,-1.43,0.91,0
45.4,112.12,84.4,-273.15,-1.43,0.87,0
45.5,112.12,84.4,-52.78,-1.43,0.91,0
45.6,112.29,84.4,-43.9,-1.43,0.91,0
45.7,112.29,84.53,-273.15,-1.43,0.91,0
45.8,112.29,84.65,-273.15,-1.43,0.91,0
45.9,112.62,84.53,-273.15,-1.43,0.91,0
46.0,112.45,84.53,-273.15,-1.43,0.91,0
46.1,112.29,84.65,-273.15,-1.43,0.91,0
46.2,112.62,84.78,-273.15,-1.43,0.87,0
46.3,112.79,84.78,-273.15,-1.42,0.91,0
46.4,112.45,84.78,-52.78,-1.43,0.87,0
46.4,112.79,84.4,-273.15,-1.43,0.91,0
46.5,112.79,84.91,-273.15,-1.42,0.91,0
46.6,112.96,84.91,-43.9,-1.42,0.96,0
46.7,112.96,84.91,-273.15,-1.42,0.91,0
46.8,113.13,85.04,-273.15,-1.41,0.91,0
46.9,113.13,85.04,-273.15,-1.41,0.91,0
47.0,113.13,85.04,-52.78,-1.41,0.87,0
47.1,113.13,85.16,-34.26,-1.41,0.87,0
47.2,113.3,84.91,-52.78,-1.41,0.91,0
47.3,113.3,85.42,-273.15,-1.41,0.91,0
47.4,113.3,85.29,-52.78,-1.4,0.91,0
47.5,113.48,85.29,-52.78,-1.39,0.91,0
47.6,113.48,85.42,-43.9,-1.39,0.91,0
47.6,113.48,85.42,-273.15,-1.38,0.91,0
47.7,113.48,85.42,-273.15,-1.37,0.91,0
47.8,113.65,85.42,-273.15,-1.37,0.91,0
47.9,113.82,85.54,-38.36,-1.37,0.91,0
48.0,113.65,85.54,-273.15,-1.36,0.91,0
48.1,113.82,85.67,-273.15,-1.36,0.91,0
48.2,113.82,85.67,-273.15,-1.35,0.91,0
48.3,113.82,85.67,-273.15,-1.36,0.91,0
48.4,113.99,85.67,-273.15,-1.35,0.91,0
48.5,113.99,85.67,-273.15,-1.34,0.96,0
48.6,113.99,85.8,-273.15,-1.34,0.91,0
48.7,114.16,85.93,-273.15,-1.34,0.96,0
48.8,114.16,85.93,-52.78,-1.34,0.87,0
48.8,114.16,85.93,-273.15,-1.34,0.96,0
48.9,114.34,85.93,-273.15,-1.33,0.91,0
49.0,114.34,85.93,-273.15,-1.32,0.91,0
49.1,114.34,85.29,-273.15,-1.32,0.87,0
49.2,114.51,86.05,-52.78,-1.33,0.91,0
49.3,114.16,86.18,-273.15,-1.33,0.91,0
49.4,114.51,86.31,-38.36,-1.33,0.91,0
49.5,114.51,86.18,-273.15,-1.32,0.91,0
49.6,114.69,86.31,-52.78,-1.33,0.96,0
49.7,114.69,86.31,-273.15,-1.33,0.91,0
49.8,114.69,86.31,-273.15,-1.33,0.91,0
49.9,114.86,86.44,-273.15,-1.32,0.91,0
49.9,114.86,86.44,-273.15,-1.32,0.91,0
50.0,114.86,86.44,-273.15,-1.33,0.91,0
50.1,115.04,86.57,-273.15,-1.33,0.91,0
50.2,114.86,86.57,-273.15,-1.33,0.87,0
50.3,115.04,86.57,-273.15,-1.33,0.87,0
50.4,115.04,86.57,-273.15,-1.33,0.91,0
50.5,115.04,86.69,-273.15,-1.33,0.87,0
50.6,115.21,86.69,-38.36,-1.33,0.87,0
50.7,115.21,86.69,-273.15,-1.33,0.91,0
50.8,115.21,86.82,-38.36,-1.32,0.91,0
50.9,115.04,86.69,-273.15,-1.32,0.91,0
51.0,115.21,86.82,-273.15,-1.32,0.91,0
51.1,115.39,86.82,-273.15,-1.31,0.96,0
51.1,115.39,86.95,-273.15,-1.32,0.87,0
51.2,115.39,86.69,-273.15,-1.31,0.91,0
51.3,115.57,87.08,-273.15,-1.32,0.91,0
51.4,115.57,86.95,-273.15,-1.32,0.91,0
51.5,115.57,87.08,-38.36,-1.32,0.91,0
51.6,115.57,87.08,-52.78,-1.33,0.91,0
51.7,115.57,87.21,-273.15,-1.33,0.91,0
51.8,115.74,87.21,-273.15,-1.34,0.91,0
51.9,115.74,87.08,-273.15,-1.34,0.87,0
52.0,115.74,87.34,-273.15,-1.35,0.91,0
52.1,115.74,87.21,-52.78,-1.35,0.91,0
52.2,115.74,87.47,-273.15,-1.36,0.91,0
52.2,115.92,87.34,-34.26,-1.37,0.91,0
52.3,115.92,87.34,-273.15,-1.37,0.96,0
52.4,115.92,87.34,-38.36,-1.38,0.96,0
52.5,115.92,87.47,-273.15,-1.39,0.91,0
52.6,115.92,87.47,-273.15,-1.39,0.91,0
52.7,116.1,87.59,-273.15,-1.39,0.91,0
52.8,116.1,87.59,-273.15,-1.4,0.91,0
52.9,116.1,87.59,-28.23,-1.41,0.91,0
53.0,116.28,87.59,-273.15,-1.41,0.96,0
53.1,116.28,87.59,-273.15,-1.42,0.91,0
53.2,116.28,87.59,-273.15,-1.42,0.87,0
53.3,116.1,87.72,-273.15,-1.42,0.91,0
53.4,116.1,87.72,-273.15,-1.43,0.91,0
53.4,116.28,88.24,-273.15,-1.44,0.91,0
53.5,116.28,87.85,-273.15,-1.44,0.91,0
53.6,116.46,87.85,-273.15,-1.44,0.91,0
53.7,116.46,87.85,-273.15,-1.44,0.91,0
53.8,116.46,87.98,-273.15,-1.45,0.91,0
53.9,116.64,87.85,-273.15,-1.45,0.91,0
54.0,116.64,88.11,-273.15,-1.45,0.87,0
54.1,116.64,87.98,-273.15,-1.47,0.91,0
54.2,116.64,88.11,-273.15,-1.47,0.91,0
54.3,116.64,88.11,-273.15,-1.47,0.91,0
54.4,116.82,88.11,-273.15,-1.47,0.91,0
54.5,116.82,88.24,-52.78,-1.47,0.87,0
54.5,116.82,88.24,-273.15,-1.48,0.96,0
54.6,116.82,88.24,-273.15,-1.48,0.87,0
54.7,117.0,88.24,-273.15,-1.48,0.91,0
54.8,117.0,88.24,-52.78,-1.48,0.91,0
54.9,117.0,88.37,-52.78,-1.48,0.91,0
55.0,117.0,88.37,-273.15,-1.48,0.91,0
55.1,117.18,88.5,-52.78,-1.49,0.96,0
55.2,117.18,88.5,-273.15,-1.49,0.87,0
55.3,117.18,88.37,-52.78,-1.49,0.91,0
55.4,117.18,88.5,-34.26,-1.49,0.87,0
55.5,117.18,88.5,-273.15,-1.49,0.91,0
55.6,117.36,88.63,-273.15,-1.49,0.87,0
55.7,117.73,88.63,-273.15,-1.49,0.91,0
55.7,117.36,88.63,-52.78,-1.5,0.87,0
55.8,117.73,88.63,-273.15,-1.5,0.87,0
55.9,117.54,89.02,-52.78,-1.51,0.91,0
56.0,117.54,88.63,-52.78,-1.52,0.96,0
56.1,117.73,88.76,-273.15,-1.52,0.91,0
56.2,117.73,89.02,-273.15,-1.53,0.96,0
56.3,117.73,88.76,-273.15,-1.53,0.91,0
56.4,117.73,88.76,-52.78,-1.54,0.91,0
56.5,117.91,88.89,-273.15,-1.54,0.91,0
56.6,117.91,88.89,-34.26,-1.55,0.87,0
56.7,117.91,89.02,-52.78,-1.55,0.91,0
56.8,117.91,88.89,-52.78,-1.56,0.91,0
56.9,118.09,89.02,-273.15,-1.56,0.91,0
56.9,118.09,89.02,-273.15,-1.57,0.91,0
57.0,118.09,89.02,-273.15,-1.57,0.91,0
57.1,118.09,89.15,-273.15,-1.58,0.91,0
57.2,118.28,89.02,-273.15,-1.58,0.87,0
57.3,118.09,89.15,-30.98,-1.59,0.91,0
57.4,118.28,89.15,-273.15,-1.59,0.87,0
57.5,118.28,89.28,-52.78,-1.6,0.91,0
57.6,118.46,89.15,-273.15,-1.6,0.91,0
57.7,118.65,89.28,-52.78,-1.6,0.91,0
57.8,118.46,89.54,-52.78,-1.6,0.91,0
57.9,118.46,88.89,-273.15,-1.6,0.91,0
58.0,118.46,89.41,-273.15,-1.6,0.87,0
58.0,118.65,89.41,-34.26,-1.6,0.91,0
58.1,118.65,89.41,-273.15,-1.6,0.91,0
58.2,118.65,89.41,-52.78,-1.59,0.96,0
58.3,118.65,89.41,-273.15,-1.6,0.87,0
58.4,118.84,89.54,-273.15,-1.61,0.87,0
58.5,118.84,89.54,-273.15,-1.61,0.91,0
58.6,118.65,89.54,-52.78,-1.61,0.91,0
58.7,118.84,89.54,-52.78,-1.6,0.91,0
58.8,118.84,89.54,-273.15,-1.61,0.91,0
58.9,118.84,89.67,-273.15,-1.61,0.91,0
59.0,118.84,89.67,-273.15,-1.61,0.87,0
59.1,119.02,89.67,-273.15,-1.62,0.91,0
59.2,119.02,89.8,-273.15,-1.61,0.96,0
59.2,119.21,89.8,-52.78,-1.61,0.91,0
59.3,119.02,89.8,-273.15,-1.62,0.91,0
59.4,119.21,89.93,-273.15,-1.62,0.91,0
59.5,119.21,89.8,-273.15,-1.61,0.91,0
59.6,119.21,89.8,-52.78,-1.61,0.96,0
59.7,119.21,89.8,-273.15,-1.62,0.91,0
59.8,119.4,89.93,-273.15,-1.62,0.91,0
59.9,119.21,89.93,-273.15,-1.62,0.91,0
60.0,119.4,90.46,-273.15,-1.62,0.87,0
60.1,119.4,89.93,-273.15,-1.62,0.91,0
60.2,119.59,89.54,-34.26,-1.62,0.87,0
60.3,119.59,90.06,-52.78,-1.62,0.87,0
60.3,119.59,90.06,-273.15,-1.63,0.91,0
60.4,119.59,90.06,-43.9,-1.63,0.91,0
60.5,119.59,90.19,-273.15,-1.63,0.87,0
60.6,119.77,90.06,-34.26,-1.62,0.87,0
60.7,119.77,90.19,-273.15,-1.63,0.87,0
60.8,119.77,90.19,-273.15,-1.63,0.91,0
60.9,119.96,90.33,-273.15,-1.63,0.91,0
61.0,119.96,90.33,-38.36,-1.62,0.83,0
61.1,119.96,90.19,-43.9,-1.62,0.96,0
61.2,119.96,90.33,-273.15,-1.61,0.91,0
61.3,120.15,90.19,-273.15,-1.6,0.91,0
61.4,119.77,90.46,-273.15,-1.6,0.91,0
61.5,120.15,90.46,-273.15,-1.6,0.87,0
61.5,120.15,90.46,-273.15,-1.6,0.87,0
61.6,120.15,90.46,-273.15,-1.59,0.91,0
61.7,120.35,90.59,-52.78,-1.58,0.91,0
61.8,120.15,90.33,-38.36,-1.58,0.87,0
61.9,120.35,90.59,-273.15,-1.57,0.91,0
62.0,120.35,90.59,-273.15,-1.57,0.87,0
62.1,120.54,90.59,-52.78,-1.56,0.91,0
62.2,120.35,90.59,-273.15,-1.55,0.91,0
62.3,120.54,90.59,-273.15,-1.55,0.87,0
62.4,120.54,90.72,-52.78,-1.54,0.87,0
62.5,120.54,90.72,-273.15,-1.54,0.91,0
62.6,120.54,90.72,-273.15,-1.53,0.91,0
62.6,120.73,90.72,-273.15,-1.53,0.87,0
62.7,120.73,90.85,-273.15,-1.53,0.91,0
62.8,120.54,90.85,-52.78,-1.52,0.91,0
62.9,120.73,90.85,-273.15,-1.53,0.96,0
63.0,120.73,91.25,-273.15,-1.52,0.87,0
63.1,120.92,90.85,-52.78,-1.52,0.87,0
63.2,120.73,90.85,-273.15,-1.52,0.87,0
63.3,120.92,90.98,-273.15,-1.51,0.91,0
63.4,120.92,90.98,-273.15,-1.51,0.91,0
63.5,120.92,90.98,-273.15,-1.5,0.91,0
63.6,120.92,90.59,-273.15,-1.5,0.87,0
63.7,120.92,90.98,-273.15,-1.49,0.91,0
63.8,121.11,91.12,-273.15,-1.49,0.87,0
63.8,121.11,90.98,-52.78,-1.49,0.91,0
63.9,121.11,91.12,-273.15,-1.48,0.87,0
64.0,121.11,90.98,-273.15,-1.48,0.91,0
64.1,121.31,91.12,-273.15,-1.48,0.91,0
64.2,121.5,91.12,-273.15,-1.48,0.87,0
64.3,121.31,91.25,-273.15,-1.48,0.91,0
64.4,121.5,91.25,-273.15,-1.47,0.87,0
64.5,121.5,91.25,-273.15,-1.47,0.91,0
64.6,121.5,91.25,-273.15,-1.48,0.91,0
64.7,121.5,91.38,-34.26,-1.48,0.91,0
64.8,121.5,91.25,-273.15,-1.48,0.87,0
64.9,121.7,91.38,-273.15,-1.48,0.87,0
64.9,121.5,91.38,-273.15,-1.48,0.91,0
65.0,121.7,91.38,-273.15,-1.48,0.91,0
65.1,121.7,91.38,-273.15,-1.48,0.96,0
65.2,121.89,91.38,-273.15,-1.48,0.91,0
65.3,121.7,91.51,-273.15,-1.47,0.91,0
65.4,121.7,91.51,-273.15,-1.47,0.91,0
65.5,121.7,91.51,-273.15,-1.47,0.91,0
65.6,121.89,91.38,-273.15,-1.48,0.87,0
65.7,121.89,91.64,-52.78,-1.48,0.91,0
65.8,121.89,91.64,-273.15,-1.48,0.87,0
65.9,121.89,91.64,-273.15,-1.49,0.91,0
66.0,121.89,92.18,-273.15,-1.48,0.91,0
66.1,122.09,91.64,-273.15,-1.48,0.91,0
66.1,122.09,92.04,-52.78,-1.48,0.87,0
66.2,122.09,91.91,-273.15,-1.48,0.87,0
66.3,122.29,91.64,-52.78,-1.48,0.91,0
66.4,122.29,91.78,-273.15,-1.49,0.91,0
66.5,122.48,91.78,-273.15,-1.49,0.91,0
66.6,122.48,91.64,-273.15,-1.49,0.87,0
66.7,122.29,91.91,-273.15,-1.49,0.87,0
66.8,122.29,91.91,-43.9,-1.49,0.87,0
66.9,122.48,91.91,-273.15,-1.49,0.87,0
67.0,122.68,91.91,-273.15,-1.49,0.96,0
67.1,122.48,91.91,-43.9,-1.49,0.87,0
67.2,122.48,91.91,-273.15,-1.5,0.83,0
67.3,122.48,91.91,-273.15,-1.5,0.91,0
67.3,122.48,92.04,-273.15,-1.49,0.91,0
67.4,122.48,92.04,-273.15,-1.51,0.87,0
67.5,122.48,92.04,-273.15,-1.51,0.91,0
67.6,122.48,92.04,-273.15,-1.5,0.91,0
67.7,122.48,92.04,-273.15,-1.5,0.87,0
67.8,122.68,92.44,-273.15,-1.5,0.87,0
67.9,122.68,92.18,-273.15,-1.51,0.91,0
68.0,122.68,92.18,-273.15,-1.5,0.87,0
68.1,122.68,92.18,-273.15,-1.49,0.87,0
68.2,122.68,91.78,-273.15,-1.5,0.87,0
68.3,122.68,92.31,-43.9,-1.49,0.91,0
68.4,122.68,92.31,-273.15,-1.49,0.87,0
68.4,122.88,92.18,-43.9,-1.49,0.91,0
68.5,122.88,91.78,-273.15,-1.49,0.87,0
68.6,122.88,92.31,-273.15,-1.49,0.87,0
68.7,122.88,92.31,-273.15,-1.49,0.83,0
68.8,122.88,92.18,-30.98,-1.49,0.87,0
68.9,123.28,92.31,-273.15,-1.49,0.87,0
69.0,122.68,92.31,-34.26,-1.48,0.91,0
69.1,123.08,92.31,-273.15,-1.48,0.87,0
69.2,123.08,92.31,-273.15,-1.48,0.91,0
69.3,123.08,92.44,-273.15,-1.48,0.87,0
69.4,123.08,92.44,-273.15,-1.47,0.87,0
69.5,123.08,92.44,-273.15,-1.46,0.87,0
69.6,123.28,92.44,-52.78,-1.46,0.87,0
69.6,123.08,92.44,-273.15,-1.46,0.87,0
69.7,123.08,92.58,-273.15,-1.45,0.87,0
69.8,123.08,92.58,-273.15,-1.45,0.91,0
69.9,123.08,92.58,-52.78,-1.45,0.91,0
70.0,123.28,92.58,-273.15,-1.44,0.87,0
70.1,123.28,92.58,-273.15,-1.43,0.87,0
70.2,123.28,92.71,-273.15,-1.43,0.87,0
70.3,123.28,92.58,-273.15,-1.43,0.91,0
70.4,123.28,92.58,-273.15,-1.43,0.91,0
70.5,123.28,92.71,-52.78,-1.43,0.91,0
70.6,123.28,92.71,-273.15,-1.43,0.87,0
70.7,123.48,92.71,-273.15,-1.42,0.91,0
70.8,123.28,92.71,-273.15,-1.4,0.91,0
70.8,123.28,92.71,-273.15,-1.39,0.91,0
70.9,123.48,92.84,-273.15,-1.4,0.87,0
71.0,123.28,92.84,-273.15,-1.4,0.83,0
71.1,123.48,92.84,-52.78,-1.4,0.91,0
71.2,122.88,92.84,-52.78,-1.4,0.91,0
71.3,123.48,92.84,-52.78,-1.41,0.87,0
71.4,123.28,92.98,-30.98,-1.41,0.91,0
71.5,123.48,92.84,-273.15,-1.42,0.91,0
71.6,123.48,92.98,-273.15,-1.42,0.87,0
71.7,123.48,93.11,-273.15,-1.42,0.87,0
71.8,123.48,92.98,-273.15,-1.42,0.87,0
71.9,123.48,92.84,-52.78,-1.42,0.87,0
71.9,123.48,92.98,-273.15,-1.43,0.91,0
72.0,123.48,92.98,-273.15,-1.43,0.87,0
72.1,123.68,92.84,-43.9,-1.43,0.87,0
72.2,123.48,93.11,-273.15,-1.43,0.91,0
72.3,123.48,93.11,-52.78,-1.43,0.87,0
72.4,123.48,93.11,-52.78,-1.43,0.87,0
72.5,123.48,93.11,-52.78,-1.45,0.87,0
72.6,123.48,93.11,-273.15,-1.45,0.87,0
72.7,123.68,93.25,-273.15,-1.45,0.87,0
72.8,123.68,93.25,-52.78,-1.45,0.91,0
72.9,123.48,93.25,-273.15,-1.47,0.87,0
73.0,123.48,93.25,-273.15,-1.47,0.87,0
73.1,123.68,93.25,-273.15,-1.48,0.87,0
73.1,123.68,93.25,-273.15,-1.48,0.91,0
73.2,123.68,93.25,-52.78,-1.47,0.87,0
73.3,123.68,93.25,-273.15,-1.48,0.87,0
73.4,123.68,93.25,-273.15,-1.49,0.87,0
73.5,123.68,93.38,-273.15,-1.49,0.87,0
73.6,123.68,93.65,-273.15,-1.49,0.87,0
73.7,123.68,93.38,-273.15,-1.51,0.87,0
73.8,123.89,93.38,-273.15,-1.51,0.91,0
73.9,123.68,93.38,-273.15,-1.51,0.87,0
74.0,123.89,93.38,-52.78,-1.51,0.87,0
74.1,123.89,93.52,-273.15,-1.51,0.87,0
74.2,123.89,93.52,-273.15,-1.52,0.91,0
74.2,123.89,93.52,-273.15,-1.52,0.83,0
74.3,123.89,93.52,-273.15,-1.52,0.91,0
74.4,123.89,93.52,-273.15,-1.52,0.91,0
74.5,123.89,93.52,-273.15,-1.53,0.87,0
74.6,123.89,93.52,-34.26,-1.53,0.87,0
74.7,123.89,93.52,-273.15,-1.54,0.91,0
74.8,123.89,93.52,-30.98,-1.54,0.83,0
74.9,123.89,93.52,-273.15,-1.55,0.87,0
75.0,124.09,93.65,-52.78,-1.56,0.87,0
75.1,123.89,93.65,-273.15,-1.57,0.87,0
75.2,124.09,93.52,-52.78,-1.57,0.87,0
75.3,123.89,93.65,-273.15,-1.58,0.87,0
75.4,124.09,93.65,-273.15,-1.58,0.91,0
75.4,124.09,93.65,-273.15,-1.58,0.91,0
75.5,123.89,93.79,-273.15,-1.59,0.87,0
75.6,123.89,93.52,-52.78,-1.6,0.87,0
75.7,124.09,93.79,-273.15,-1.6,0.87,0
75.8,124.09,93.79,-273.15,-1.6,0.91,0
75.9,124.09,93.79,-38.36,-1.6,0.91,0
76.0,124.5,93.79,-43.9,-1.61,0.87,0
76.1,124.09,93.79,-273.15,-1.61,0.91,0
76.2,124.09,93.79,-34.26,-1.61,0.91,0
76.3,124.09,93.79,-52.78,-1.62,0.91,0
76.4,124.29,93.92,-43.9,-1.62,0.87,0
76.5,124.09,93.92,-38.36,-1.63,0.91,0
76.5,124.09,93.92,-52.78,-1.62,0.91,0
76.6,124.29,93.92,-273.15,-1.62,0.91,0
76.7,124.29,93.92,-273.15,-1.62,0.83,0
76.8,124.29,93.92,-43.9,-1.63,0.87,0
76.9,124.29,93.92,-273.15,-1.64,0.96,0
77.0,124.29,94.06,-273.15,-1.63,0.91,0
77.1,124.29,93.92,-273.15,-1.64,0.91,0
77.2,124.29,94.06,-273.15,-1.64,0.87,0
77.3,124.29,94.06,-273.15,-1.63,0.87,0
77.4,124.29,94.06,-273.15,-1.63,0.87,0
77.5,124.29,94.06,-273.15,-1.63,0.91,0
77.6,124.29,94.06,-52.78,-1.64,0.87,0
77.7,124.29,94.06,-273.15,-1.64,0.91,0
77.7,124.29,94.19,-30.98,-1.64,0.91,0
77.8,124.29,94.06,-273.15,-1.64,0.87,0
77.9,124.29,94.19,-52.78,-1.64,0.87,0
78.0,124.29,94.19,-43.9,-1.65,0.87,0
78.1,124.29,94.19,-273.15,-1.64,0.87,0
78.2,124.29,94.19,-52.78,-1.64,0.87,0
78.3,124.29,94.19,-273.15,-1.64,0.87,0
78.4,124.29,94.19,-34.26,-1.64,0.87,0
78.5,124.29,94.19,-273.15,-1.64,0.87,0
78.6,124.29,94.33,-52.78,-1.65,0.87,0
78.7,124.29,94.33,-28.23,-1.63,0.91,0
78.8,124.29,94.19,-273.15,-1.63,0.87,0
78.8,124.29,94.33,-30.98,-1.62,0.83,0
78.9,124.29,94.33,-273.15,-1.62,0.87,0
79.0,124.29,94.33,-43.9,-1.62,0.87,0
79.1,124.29,93.92,-52.78,-1.62,0.87,0
79.2,124.29,94.46,-273.15,-1.62,0.87,0
79.3,124.29,94.33,-273.15,-1.62,0.87,0
79.4,124.29,94.46,-273.15,-1.62,0.87,0
79.5,124.29,94.87,-52.78,-1.62,0.87,0
79.6,124.29,94.46,-273.15,-1.63,0.91,0
79.7,124.29,94.46,-273.15,-1.63,0.91,0
79.8,124.29,94.46,-52.78,-1.63,0.83,0
79.9,124.29,94.46,-273.15,-1.63,0.91,0
80.0,124.7,94.46,-273.15,-1.63,0.87,0
80.0,124.29,94.46,-43.9,-1.63,0.87,0
80.1,124.29,94.6,-273.15,-1.63,0.87,0
80.2,124.29,94.6,-273.15,-1.63,0.87,0
80.3,124.29,94.46,-43.9,-1.64,0.83,0
80.4,124.29,94.6,-52.78,-1.65,0.91,0
80.5,124.29,94.6,-38.36,-1.65,0.87,0
80.6,124.09,94.6,-30.98,-1.66,0.87,0
80.7,124.29,94.6,-52.78,-1.66,0.87,0
80.8,124.29,94.6,-273.15,-1.67,0.91,0
80.9,124.29,94.6,-273.15,-1.67,0.87,0
81.0,124.29,94.6,-273.15,-1.67,0.87,0
81.1,124.29,94.19,-273.15,-1.67,0.87,0
81.2,124.09,94.74,-273.15,-1.69,0.87,0
81.3,124.09,94.6,-273.15,-1.68,0.91,0
81.4,124.09,94.74,-52.78,-1.68,0.87,0
81.4,124.29,95.01,-273.15,-1.68,0.87,0
81.5,124.09,94.74,-273.15,-1.68,0.91,0
81.6,124.09,94.74,-273.15,-1.68,0.87,0
81.7,124.09,94.74,-273.15,-1.67,0.91,0
81.8,124.09,94.74,-273.15,-1.67,0.91,0
81.9,124.09,94.74,-273.15,-1.67,0.91,0
82.0,124.09,94.33,-273.15,-1.67,0.91,0
82.1,124.09,94.6,-273.15,-1.67,0.87,0
82.2,124.09,94.74,-273.15,-1.67,0.87,0
82.3,123.89,94.87,-273.15,-1.67,0.87,0
82.3,124.09,94.74,-273.15,-1.67,0.87,0
82.4,124.09,94.87,-273.15,-1.68,0.87,0
82.5,124.09,94.87,-273.15,-1.68,0.83,0
82.6,123.89,94.87,-273.15,-1.67,0.87,0
82.7,124.09,94.87,-273.15,-1.67,0.87,0
82.8,123.68,94.87,-273.15,-1.68,0.87,0
82.9,124.09,94.87,-273.15,-1.68,0.87,0
83.0,124.09,94.87,-273.15,-1.68,0.91,0
83.1,123.89,94.87,-273.15,-1.68,0.87,0
83.2,123.89,94.87,-273.15,-1.68,0.87,0
83.3,124.09,95.01,-273.15,-1.68,0.83,0
83.4,124.09,95.28,-273.15,-1.68,0.87,0
83.5,124.09,95.01,-43.9,-1.68,0.87,0
83.5,123.89,95.01,-273.15,-1.69,0.91,0
83.6,124.5,95.01,-52.78,-1.69,0.91,0
83.7,123.89,95.14,-273.15,-1.69,0.83,0
83.8,123.68,95.01,-43.9,-1.69,0.87,0
83.9,124.09,95.01,-52.78,-1.69,0.87,0
84.0,123.89,95.14,-273.15,-1.69,0.87,0
84.1,124.09,95.14,-273.15,-1.69,0.87,0
84.2,123.89,95.01,-273.15,-1.69,0.87,0
84.3,124.09,95.14,-273.15,-1.7,0.83,0
84.4,124.09,95.14,-52.78,-1.7,0.87,0
84.5,124.09,95.14,-273.15,-1.7,0.87,0
84.6,123.89,95.14,-273.15,-1.69,0.87,0
84.6,124.09,95.14,-43.9,-1.69,0.91,0
84.7,124.09,95.14,-52.78,-1.69,0.87,0
84.8,124.09,95.14,-273.15,-1.69,0.87,0
84.9,124.09,95.28,-273.15,-1.69,0.87,0
85.0,124.09,95.28,-273.15,-1.69,0.87,0
85.1,124.09,95.14,-52.78,-1.7,0.83,0
85.2,124.09,95.28,-273.15,-1.7,0.91,0
85.3,124.29,94.87,-273.15,-1.69,0.87,0
85.4,124.09,95.28,-273.15,-1.7,0.87,0
85.5,124.09,95.28,-273.15,-1.69,0.87,0
85.6,124.29,95.28,-273.15,-1.69,0.91,0
85.7,124.29,95.28,-52.78,-1.7,0.87,0
85.8,124.29,94.87,-52.78,-1.7,0.87,0
85.8,124.09,95.28,-273.15,-1.7,0.87,0
85.9,124.09,95.42,-28.23,-1.7,0.87,0
86.0,124.09,95.28,-273.15,-1.69,0.87,0
86.1,124.09,95.28,-273.15,-1.69,0.87,0
86.2,124.09,95.42,-273.15,-1.69,0.83,0
86.3,124.29,95.42,-52.78,-1.69,0.87,0
86.4,124.29,95.28,-273.15,-1.7,0.87,0
86.5,124.29,95.42,-273.15,-1.7,0.87,0
86.6,124.29,95.42,-273.15,-1.69,0.91,0
86.7,124.5,95.42,-273.15,-1.69,0.87,0
86.8,124.29,95.42,-43.9,-1.7,0.87,0
86.9,124.29,95.42,-52.78,-1.7,0.87,0
86.9,124.5,95.83,-273.15,-1.69,0.87,0
87.0,124.29,95.42,-273.15,-1.71,0.87,0
87.1,123.89,95.42,-273.15,-1.71,0.87,0
87.2,124.29,95.56,-273.15,-1.71,0.87,0
87.3,124.5,95.42,-273.15,-1.71,0.87,0
87.4,124.29,95.56,-273.15,-1.71,0.87,0
87.5,124.29,95.56,-273.15,-1.72,0.87,0
87.6,124.29,95.56,-273.15,-1.72,0.87,0
87.7,124.5,95.56,-273.15,-1.73,0.91,0
87.8,124.5,95.56,-273.15,-1.74,0.87,0
87.9,124.29,95.69,-52.78,-1.74,0.87,0
88.0,124.5,95.56,-273.15,-1.73,0.87,0
88.1,124.29,95.56,-273.15,-1.74,0.87,0
88.1,124.29,95.56,-273.15,-1.74,0.87,0
88.2,124.5,95.97,-273.15,-1.74,0.87,0
88.3,124.5,95.56,-52.78,-1.73,0.91,0
88.4,124.29,95.56,-273.15,-1.73,0.91,0
88.5,124.5,95.69,-273.15,-1.73,0.87,0
88.6,124.5,96.11,-273.15,-1.73,0.87,0
88.7,124.5,95.69,-273.15,-1.74,0.87,0
88.8,124.7,95.69,-273.15,-1.74,0.83,0
88.9,124.7,95.56,-273.15,-1.74,0.87,0
89.0,124.5,95.83,-273.15,-1.75,0.87,0
89.1,124.7,95.69,-273.15,-1.76,0.87,0
89.2,124.7,95.69,-273.15,-1.76,0.87,0
89.2,124.7,95.69,-273.15,-1.76,0.87,0
89.3,124.5,95.69,-273.15,-1.77,0.87,0
89.4,124.7,95.69,-273.15,-1.77,0.83,0
89.5,124.7,95.83,-52.78,-1.78,0.87,0
89.6,124.7,95.83,-273.15,-1.79,0.91,0
89.7,124.5,95.83,-273.15,-1.79,0.87,0
89.8,124.7,95.69,-38.36,-1.79,0.87,0
89.9,124.7,95.83,-28.23,-1.79,0.87,0
90.0,124.7,95.83,-273.15,-1.8,0.87,0
90.1,124.7,95.83,-273.15,-1.81,0.87,0
90.2,124.91,95.83,-52.78,-1.81,0.91,0
90.3,124.91,95.83,-273.15,-1.81,0.87,0
90.4,124.91,95.97,-34.26,-1.8,0.87,0
90.4,124.7,95.97,-273.15,-1.8,0.87,0
90.5,124.7,95.83,-273.15,-1.81,0.87,0
90.6,124.91,95.83,-273.15,-1.81,0.83,0
90.7,124.91,95.97,-43.9,-1.82,0.87,0
90.8,124.91,96.24,-273.15,-1.81,0.87,0
90.9,124.91,95.69,-273.15,-1.8,0.87,0
91.0,124.91,95.97,-273.15,-1.79,0.87,0
91.1,124.7,95.97,-273.15,-1.79,0.87,0
91.2,124.91,95.97,-273.15,-1.79,0.87,0
91.3,124.5,95.97,-273.15,-1.78,0.87,0
91.4,124.91,95.97,-273.15,-1.77,0.83,0
91.5,124.91,95.97,-43.9,-1.77,0.87,0
91.5,125.12,95.97,-52.78,-1.76,0.87,0
91.6,124.91,95.97,-52.78,-1.76,0.87,0
91.7,125.12,95.97,-34.26,-1.76,0.87,0
91.8,124.91,95.97,-273.15,-1.75,0.87,0
91.9,125.12,95.97,-273.15,-1.75,0.87,0
92.0,125.12,95.56,-273.15,-1.75,0.87,0
92.1,124.7,96.11,-52.78,-1.74,0.87,0
92.2,125.12,95.56,-43.9,-1.73,0.87,0
92.3,125.12,96.11,-273.15,-1.72,0.87,0
92.4,125.53,96.11,-273.15,-1.71,0.87,0
92.5,125.12,96.11,-273.15,-1.71,0.83,0
92.6,125.12,96.11,-273.15,-1.71,0.87,0
92.7,125.32,96.11,-52.78,-1.7,0.87,0
92.7,125.12,95.83,-273.15,-1.7,0.87,0
92.8,125.12,96.11,-43.9,-1.7,0.87,0
92.9,125.12,96.11,-52.78,-1.7,0.87,0
93.0,125.12,96.52,-273.15,-1.7,0.87,0
93.1,125.12,96.11,-273.15,-1.7,0.87,0
93.2,125.12,95.97,-273.15,-1.68,0.87,0
93.3,125.32,96.24,-273.15,-1.68,0.87,0
93.4,125.12,96.11,-273.15,-1.67,0.91,0
93.5,125.12,96.24,-273.15,-1.67,0.87,0
93.6,125.12,96.24,-273.15,-1.68,0.83,0
93.7,125.12,96.24,-273.15,-1.68,0.83,0
93.8,125.12,96.11,-273.15,-1.67,0.91,0
93.9,125.12,96.24,-273.15,-1.67,0.87,0
93.9,125.32,96.24,-52.78,-1.68,0.91,0
94.0,125.32,96.24,-43.9,-1.67,0.83,0
94.1,125.32,96.24,-52.78,-1.67,0.87,0
94.2,125.32,96.24,-273.15,-1.67,0.87,0
94.3,125.32,96.24,-52.78,-1.67,0.87,0
94.4,125.32,96.24,-273.15,-1.67,0.87,0
94.5,125.12,96.24,-273.15,-1.66,0.87,0
94.6,125.12,96.24,-273.15,-1.66,0.87,0
94.7,125.32,96.24,-52.78,-1.66,0.87,0
94.8,125.32,96.38,-273.15,-1.65,0.87,0
94.9,125.32,96.38,-43.9,-1.65,0.87,0
95.0,125.12,96.38,-273.15,-1.65,0.87,0
95.0,125.53,96.24,-273.15,-1.66,0.87,0
95.1,125.32,96.38,-34.26,-1.66,0.87,0
95.2,125.74,96.38,-273.15,-1.65,0.83,0
95.3,125.32,96.38,-273.15,-1.65,0.87,0
95.4,125.53,96.38,-273.15,-1.65,0.83,0
95.5,125.32,96.38,-273.15,-1.64,0.87,0
95.6,125.32,96.38,-273.15,-1.64,0.87,0
95.7,125.12,96.8,-273.15,-1.64,0.87,0
95.8,125.12,96.38,-273.15,-1.63,0.87,0
95.9,125.12,96.11,-273.15,-1.63,0.91,0
96.0,125.12,96.38,-273.15,-1.63,0.87,0
96.1,125.12,96.11,-273.15,-1.63,0.83,0
96.2,125.32,96.38,-273.15,-1.63,0.87,0
96.2,125.32,96.38,-273.15,-1.64,0.83,0
96.3,125.32,96.38,-273.15,-1.63,0.87,0
96.4,125.12,96.38,-43.9,-1.63,0.83,0
96.5,125.12,96.52,-273.15,-1.63,0.87,0
96.6,125.12,96.52,-273.15,-1.63,0.87,0
96.7,125.12,96.52,-273.15,-1.62,0.87,0
96.8,125.12,96.38,-273.15,-1.61,0.87,0
96.9,125.12,96.52,-30.98,-1.61,0.87,0
97.0,125.12,96.52,-273.15,-1.61,0.87,0
97.1,125.12,96.11,-273.15,-1.61,0.87,0
97.2,125.12,96.52,-273.15,-1.6,0.87,0
97.3,125.12,96.52,-273.15,-1.6,0.87,0
97.3,125.12,96.52,-273.15,-1.6,0.83,0
97.4,125.12,96.38,-273.15,-1.61,0.83,0
97.5,125.12,96.52,-52.78,-1.6,0.87,0
97.6,124.91,96.52,-273.15,-1.6,0.87,0
97.7,125.12,96.52,-38.36,-1.61,0.83,0
97.8,125.12,96.52,-52.78,-1.61,0.91,0
97.9,124.91,96.52,-273.15,-1.61,0.91,0
98.0,124.91,96.52,-273.15,-1.62,0.87,0
98.1,124.91,96.66,-28.23,-1.62,0.87,0
98.2,124.91,96.66,-273.15,-1.62,0.87,0
98.3,124.91,96.38,-52.78,-1.63,0.87,0
98.4,124.91,96.66,-273.15,-1.63,0.87,0
98.5,124.7,96.66,-273.15,-1.63,0.83,0
98.5,124.91,96.66,-273.15,-1.63,0.87,0
98.6,124.7,96.66,-273.15,-1.63,0.87,0
98.7,124.7,96.66,-43.9,-1.62,0.87,0
98.8,124.7,96.38,-273.15,-1.62,0.87,0
98.9,124.7,96.66,-273.15,-1.63,0.87,0
99.0,124.7,96.8,-273.15,-1.63,0.87,0
99.1,124.7,96.66,-273.15,-1.62,0.87,0
99.2,124.7,96.66,-273.15,-1.61,0.83,0
99.3,124.5,96.8,-273.15,-1.62,0.87,0
99.4,124.5,96.8,-273.15,-1.62,0.83,0
99.5,124.5,96.66,-273.15,-1.62,0.87,0
99.6,124.5,96.66,-273.15,-1.62,0.87,0
99.6,124.29,96.24,-273.15,-1.62,0.83,0
99.7,124.5,97.08,-52.78,-1.61,0.91,0
99.8,124.5,96.8,-273.15,-1.6,0.87,0
99.9,124.29,96.8,-273.15,-1.6,0.91,0
100.0,124.29,96.66,-52.78,-1.61,0.83,0
100.1,124.29,96.8,-273.15,-1.61,0.87,0
100.2,124.29,96.8,-273.15,-1.61,0.83,0
100.3,124.29,96.8,-43.9,-1.61,0.87,0
100.4,124.29,96.8,-273.15,-1.61,0.87,0
100.5,124.29,96.8,-273.15,-1.62,0.83,0
100.6,124.09,96.8,-43.9,-1.64,0.87,0
100.7,124.09,96.8,-273.15,-1.64,0.91,0
100.8,124.09,96.8,-34.26,-1.65,0.87,0
100.8,124.09,96.38,-273.15,-1.64,0.87,0
100.9,124.09,96.8,-273.15,-1.65,0.87,0
101.0,123.89,96.8,-273.15,-1.66,0.87,0
101.1,124.09,96.8,-273.15,-1.66,0.87,0
101.2,124.09,96.8,-273.15,-1.67,0.87,0
101.3,124.09,96.66,-273.15,-1.66,0.87,0
101.4,123.89,96.66,-273.15,-1.66,0.83,0
101.5,123.68,96.8,-273.15,-1.66,0.83,0
101.6,123.89,96.8,-273.15,-1.66,0.87,0
101.7,123.89,96.8,-273.15,-1.66,0.87,0
101.8,123.89,96.94,-273.15,-1.66,0.87,0
101.9,123.68,96.8,-273.15,-1.66,0.87,0
102.0,123.68,96.94,-273.15,-1.66,0.83,0
102.0,123.68,96.94,-273.15,-1.67,0.87,0
102.1,123.68,96.94,-52.78,-1.68,0.87,0
102.2,123.68,96.94,-38.36,-1.68,0.87,0
102.3,123.28,96.94,-52.78,-1.69,0.87,0
102.4,123.68,96.94,-273.15,-1.69,0.87,0
102.5,123.48,96.94,-273.15,-1.69,0.87,0
102.6,123.48,96.94,-52.78,-1.69,0.83,0
102.7,123.48,96.94,-273.15,-1.69,0.83,0
102.8,123.89,96.94,-273.15,-1.7,0.87,0
102.9,123.48,96.94,-273.15,-1.7,0.87,0
103.0,123.48,96.94,-273.15,-1.71,0.87,0
103.1,123.28,96.94,-273.15,-1.71,0.87,0
103.1,123.28,96.94,-273.15,-1.7,0.87,0
103.2,123.28,96.94,-273.15,-1.71,0.87,0
103.3,123.28,97.08,-273.15,-1.71,0.87,0
103.4,123.28,96.94,-273.15,-1.71,0.87,0
103.5,123.08,96.94,-273.15,-1.72,0.83,0
103.7,123.08,96.94,-52.78,-1.72,0.87,0
103.8,123.08,96.94,-273.15,-1.72,0.87,0
103.9,123.08,96.94,-273.15,-1.72,0.87,0
104.0,123.08,96.94,-273.15,-1.73,0.87,0
104.1,123.08,96.94,-273.15,-1.73,0.87,0
104.2,122.88,97.08,-273.15,-1.72,0.83,0
104.3,122.88,97.08,-273.15,-1.72,0.91,0
104.4,122.88,97.08,-273.15,-1.72,0.87,0
104.4,122.88,97.08,-273.15,-1.73,0.83,0
104.5,122.88,97.08,-273.15,-1.73,0.83,0
104.6,122.68,96.94,-273.15,-1.72,0.83,0
104.7,122.88,97.08,-273.15,-1.72,0.87,0
104.8,123.28,97.08,-273.15,-1.73,0.83,0
104.9,122.68,96.66,-43.9,-1.73,0.91,0
105.0,122.68,97.22,-52.78,-1.73,0.87,0
105.1,122.68,97.08,-273.15,-1.72,0.87,0
105.2,122.68,97.5,-273.15,-1.72,0.87,0
105.3,122.68,97.08,-273.15,-1.72,0.91,0
105.4,122.68,97.08,-273.15,-1.71,0.87,0
105.4,122.68,97.08,-273.15,-1.71,0.87,0
105.5,122.68,97.08,-43.9,-1.71,0.87,0
105.6,122.68,97.08,-34.26,-1.71,0.87,0
105.7,122.48,97.64,-273.15,-1.71,0.83,0
105.8,122.48,97.08,-52.78,-1.72,0.83,0
105.9,122.48,97.5,-52.78,-1.73,0.87,0
106.0,122.48,97.08,-273.15,-1.73,0.91,0
106.1,122.29,97.08,-43.9,-1.73,0.87,0
106.2,122.29,97.22,-273.15,-1.73,0.87,0
106.3,122.29,97.08,-273.15,-1.73,0.83,0
106.4,122.29,97.08,-273.15,-1.73,0.87,0
106.5,122.29,97.08,-52.78,-1.73,0.87,0
106.6,122.29,97.08,-30.98,-1.73,0.83,0
106.6,122.29,97.08,-273.15,-1.72,0.87,0
106.7,122.29,97.22,-273.15,-1.71,0.87,0
106.8,122.09,97.08,-273.15,-1.72,0.83,0
106.9,122.29,97.08,-273.15,-1.72,0.87,0
107.0,122.29,97.08,-52.78,-1.72,0.87,0
107.1,122.09,97.22,-273.15,-1.72,0.83,0
107.2,122.09,97.22,-273.15,-1.72,0.87,0
107.3,122.09,97.08,-273.15,-1.72,0.87,0
107.4,122.48,97.08,-52.78,-1.72,0.87,0
107.5,122.09,97.22,-273.15,-1.71,0.83,0
107.6,122.09,97.08,-52.78,-1.71,0.87,0
107.7,121.89,97.22,-273.15,-1.72,0.91,0
107.7,121.89,97.22,-273.15,-1.72,0.83,0
107.8,121.7,97.08,-34.26,-1.7,0.87,0
107.9,121.89,97.22,-34.26,-1.7,0.83,0
108.0,121.89,97.08,-273.15,-1.7,0.87,0
108.1,121.7,97.22,-52.78,-1.7,0.83,0
108.2,121.7,97.22,-52.78,-1.69,0.83,0
108.3,121.7,97.22,-273.15,-1.69,0.83,0
108.4,121.7,97.22,-273.15,-1.69,0.87,0
108.5,121.7,97.08,-52.78,-1.68,0.87,0
108.6,121.7,97.22,-30.98,-1.67,0.87,0
108.7,121.5,97.22,-273.15,-1.67,0.83,0
108.8,121.5,97.22,-52.78,-1.67,0.83,0
108.9,121.11,97.08,-273.15,-1.66,0.87,0
108.9,121.7,97.22,-273.15,-1.66,0.87,0
109.0,121.5,97.22,-273.15,-1.66,0.83,0
109.1,121.5,97.22,-273.15,-1.66,0.83,0
109.2,121.31,97.22,-273.15,-1.66,0.87,0
109.3,121.5,97.22,-273.15,-1.66,0.83,0
109.4,121.31,97.64,-273.15,-1.67,0.83,0
109.5,121.5,97.08,-273.15,-1.68,0.87,0
109.6,121.31,97.22,-273.15,-1.68,0.83,0
109.7,121.31,97.22,-273.15,-1.69,0.87,0
109.8,121.11,97.22,-273.15,-1.69,0.91,0
109.9,121.31,97.22,-273.15,-1.69,0.83,0
110.0,121.11,97.22,-52.78,-1.69,0.83,0
110.0,121.11,97.22,-273.15,-1.69,0.87,0
110.1,121.11,97.22,-273.15,-1.68,0.87,0
110.2,121.11,97.22,-273.15,-1.68,0.87,0
110.3,120.92,97.22,-273.15,-1.69,0.83,0
110.4,120.54,97.22,-273.15,-1.68,0.83,0
110.5,120.73,97.22,-273.15,-1.68,0.83,0
110.6,120.92,97.36,-52.78,-1.69,0.83,0
110.7,120.92,97.64,-273.15,-1.69,0.87,0
110.8,120.73,97.22,-273.15,-1.69,0.83,0
110.9,120.73,97.22,-273.15,-1.69,0.83,0
111.0,120.92,97.22,-273.15,-1.7,0.83,0
111.1,121.11,97.22,-273.15,-1.7,0.87,0
111.2,120.54,97.22,-273.15,-1.7,0.87,0
111.3,120.73,97.22,-273.15,-1.7,0.87,0
111.4,120.54,97.22,-34.26,-1.7,0.87,0
111.4,120.54,97.36,-52.78,-1.7,0.83,0
111.5,120.54,97.22,-273.15,-1.69,0.83,0
111.6,120.54,97.22,-273.15,-1.68,0.87,0
111.7,120.54,97.22,-273.15,-1.69,0.87,0
111.8,120.35,97.22,-43.9,-1.7,0.87,0
111.9,120.35,97.22,-273.15,-1.7,0.87,0
112.0,120.35,97.22,-273.15,-1.71,0.87,0
112.1,120.35,97.22,-273.15,-1.72,0.83,0
112.2,120.15,97.22,-38.36,-1.7,0.83,0
112.3,120.35,97.22,-273.15,-1.69,0.87,0
112.4,120.15,97.22,-273.15,-1.69,0.87,0
112.4,120.15,97.22,-273.15,-1.69,0.83,0
112.5,120.15,96.8,-52.78,-1.7,0.87,0
112.6,119.96,97.22,-52.78,-1.7,0.83,0
112.7,120.35,97.36,-273.15,-1.7,0.83,0
112.8,119.96,97.36,-273.15,-1.7,0.87,0
112.9,120.15,97.22,-273.15,-1.7,0.87,0
113.0,119.96,97.22,-273.15,-1.7,0.87,0
113.1,119.96,97.22,-273.15,-1.7,0.83,0
113.2,119.96,96.94,-52.78,-1.71,0.83,0
113.3,119.96,97.36,-38.36,-1.71,0.87,0
113.4,119.96,97.36,-52.78,-1.71,0.87,0
113.5,119.77,97.36,-273.15,-1.71,0.87,0
113.5,119.96,97.36,-273.15,-1.71,0.87,0
113.6,119.77,97.64,-52.78,-1.71,0.83,0
113.7,119.59,97.22,-52.78,-1.71,0.87,0
113.8,119.77,97.36,-273.15,-1.71,0.83,0
113.9,119.77,97.36,-273.15,-1.7,0.87,0
114.0,119.59,97.22,-273.15,-1.7,0.87,0
114.1,119.77,97.22,-273.15,-1.69,0.83,0
114.2,119.59,97.36,-52.78,-1.68,0.91,0
114.3,119.59,97.36,-273.15,-1.69,0.87,0
114.4,119.59,97.36,-273.15,-1.69,0.87,0
114.5,119.59,97.36,-273.15,-1.7,0.91,0
114.6,119.59,97.22,-273.15,-1.69,0.87,0
114.7,119.59,97.36,-273.15,-1.68,0.87,0
114.7,119.59,97.22,-273.15,-1.68,0.91,0
114.8,119.59,97.36,-273.15,-1.68,0.91,0
114.9,119.59,97.22,-273.15,-1.68,0.83,0
115.0,119.59,97.36,-273.15,-1.68,0.87,0
115.1,119.59,97.22,-52.78,-1.68,0.83,0
115.2,119.21,97.36,-273.15,-1.68,0.83,0
115.3,119.77,97.36,-273.15,-1.67,0.83,0
115.4,119.02,97.22,-52.78,-1.68,0.83,0
115.5,119.4,97.22,-273.15,-1.68,0.83,0
115.6,119.59,97.08,-52.78,-1.68,0.83,0
115.7,119.4,97.22,-273.15,-1.68,0.83,0
115.8,119.4,97.22,-34.26,-1.68,0.83,0
115.8,119.4,97.22,-273.15,-1.68,0.87,0
115.9,119.4,97.22,-30.98,-1.68,0.83,0
116.0,119.21,97.22,-38.36,-1.68,0.83,0
116.1,119.4,97.22,-273.15,-1.68,0.87,0
116.2,119.4,97.22,-52.78,-1.68,0.83,0
116.3,119.21,97.36,-52.78,-1.69,0.87,0
116.4,119.21,97.22,-273.15,-1.68,0.87,0
116.5,119.21,97.22,-52.78,-1.67,0.87,0
116.6,119.21,97.22,-52.78,-1.67,0.83,0
116.7,119.21,97.36,-273.15,-1.67,0.87,0
116.8,119.21,97.22,-273.15,-1.66,0.87,0
116.9,119.21,97.36,-273.15,-1.65,0.87,0
117.0,119.02,97.36,-273.15,-1.65,0.87,0
117.0,119.21,97.22,-273.15,-1.65,0.87,0
117.1,119.21,97.22,-38.36,-1.66,0.83,0
117.2,119.21,96.8,-43.9,-1.66,0.87,0
117.3,119.21,97.22,-273.15,-1.65,0.87,0
117.4,119.02,97.22,-38.36,-1.65,0.83,0
117.5,119.02,97.36,-273.15,-1.65,0.83,0
117.6,119.4,97.36,-273.15,-1.65,0.87,0
117.7,119.02,97.22,-273.15,-1.65,0.87,0
117.8,119.02,97.22,-34.26,-1.64,0.87,0
117.9,119.02,97.22,-273.15,-1.64,0.83,0
118.0,119.02,97.22,-52.78,-1.63,0.87,0
118.1,118.65,97.22,-273.15,-1.64,0.87,0
118.2,119.21,97.22,-273.15,-1.64,0.87,0
118.2,119.02,97.22,-273.15,-1.64,0.87,0
118.3,119.02,97.36,-273.15,-1.63,0.83,0
118.4,119.02,97.22,-273.15,-1.63,0.87,0
118.5,119.02,97.22,-273.15,-1.63,0.87,0
118.6,119.02,97.22,-273.15,-1.63,0.87,0
118.7,119.02,97.22,-52.78,-1.63,0.87,0
118.8,118.84,97.36,-273.15,-1.63,0.87,0
118.9,119.21,97.22,-43.9,-1.63,0.83,0
119.0,118.84,97.22,-273.15,-1.62,0.87,0
119.1,118.84,97.22,-273.15,-1.62,0.87,0
119.2,118.84,97.36,-273.15,-1.62,0.87,0
119.3,118.84,97.22,-273.15,-1.61,0.87,0
119.3,118.84,97.22,-273.15,-1.62,0.83,0
119.4,118.84,97.22,-273.15,-1.62,0.83,0
119.5,118.84,97.22,-30.98,-1.62,0.83,0
119.6,118.84,97.22,-52.78,-1.62,0.87,0
119.7,118.84,97.22,-273.15,-1.62,0.83,0
119.8,119.02,97.22,-273.15,-1.61,0.87,0
119.9,118.84,97.22,-273.15,-1.61,0.83,0
120.0,118.84,97.22,-273.15,-1.61,0.87,0
120.1,118.84,97.22,-273.15,-1.61,0.87,0
120.2,118.84,96.94,-52.78,-1.62,0.83,0
120.3,118.84,97.22,-52.78,-1.61,0.83,0
120.4,118.84,97.22,-52.78,-1.61,0.87,0
120.5,118.84,97.22,-273.15,-1.61,0.83,0
120.6,118.84,97.22,-273.15,-1.62,0.83,0
120.6,118.84,97.22,-52.78,-1.62,0.87,0
120.7,118.84,97.22,-52.78,-1.62,0.87,0
120.8,118.46,97.22,-273.15,-1.61,0.87,0
120.9,118.84,97.64,-273.15,-1.61,0.87,0
121.0,118.84,97.22,-52.78,-1.61,0.87,0
121.1,118.65,96.94,-273.15,-1.61,0.87,0
121.2,118.65,97.08,-273.15,-1.61,0.83,0
121.3,118.84,97.22,-273.15,-1.6,0.83,0
121.4,118.84,97.22,-273.15,-1.6,0.87,0
121.5,119.02,97.22,-273.15,-1.6,0.83,0
121.6,118.65,96.66,-273.15,-1.6,0.83,0
121.7,118.65,97.22,-273.15,-1.6,0.87,0
121.8,118.65,97.22,-52.78,-1.59,0.87,0
121.8,118.65,97.08,-273.15,-1.6,0.83,0
121.9,118.65,97.22,-273.15,-1.61,0.87,0
122.0,118.65,97.08,-273.15,-1.61,0.87,0
122.1,118.65,97.08,-273.15,-1.61,0.83,0
122.2,118.65,96.94,-52.78,-1.6,0.83,0
122.3,118.65,97.08,-273.15,-1.6,0.83,0
122.4,118.65,97.22,-273.15,-1.6,0.87,0
122.5,118.65,97.22,-273.15,-1.61,0.87,0
122.6,118.65,97.08,-273.15,-1.6,0.83,0
122.7,118.65,97.22,-273.15,-1.6,0.83,0
122.8,118.46,97.22,-273.15,-1.6,0.87,0
122.9,118.65,97.08,-273.15,-1.61,0.87,0
123.0,118.65,97.22,-273.15,-1.61,0.87,0
123.0,118.84,97.08,-273.15,-1.6,0.91,0
123.1,118.46,97.08,-273.15,-1.61,0.87,0
123.2,118.46,97.08,-273.15,-1.61,0.87,0
123.3,118.46,97.64,-30.98,-1.61,0.87,0
123.4,118.46,97.08,-52.78,-1.61,0.87,0
123.5,118.46,97.08,-273.15,-1.61,0.87,0
123.6,118.46,97.08,-52.78,-1.6,0.83,0
123.7,118.46,97.08,-273.15,-1.6,0.91,0
123.8,118.46,97.08,-273.15,-1.6,0.83,0
123.9,118.46,97.08,-273.15,-1.6,0.83,0
124.0,118.28,97.08,-273.15,-1.61,0.87,0
124.1,118.46,96.8,-273.15,-1.6,0.87,0
124.2,118.46,97.08,-273.15,-1.6,0.87,0
124.2,118.28,97.08,-273.15,-1.6,0.87,0
124.3,118.28,97.08,-273.15,-1.61,0.87,0
124.4,118.46,97.08,-273.15,-1.6,0.87,0
124.5,118.28,97.08,-273.15,-1.61,0.83,0
124.6,118.28,97.08,-273.15,-1.61,0.87,0
124.7,118.09,96.8,-273.15,-1.61,0.87,0
124.8,118.28,97.08,-273.15,-1.61,0.83,0
124.9,118.28,97.08,-273.15,-1.61,0.87,0
125.0,118.28,97.08,-273.15,-1.61,0.87,0
125.1,118.28,97.08,-43.9,-1.6,0.83,0
125.2,118.09,97.08,-273.15,-1.6,0.87,0
125.3,118.28,97.08,-273.15,-1.6,0.87,0
125.4,118.09,96.94,-273.15,-1.6,0.83,0
125.4,118.09,97.08,-273.15,-1.59,0.83,0
125.5,118.09,97.08,-38.36,-1.59,0.83,0
125.6,118.09,97.08,-273.15,-1.59,0.83,0
125.7,118.09,97.08,-273.15,-1.58,0.87,0
125.8,117.91,97.08,-273.15,-1.59,0.91,0
125.9,117.91,96.94,-273.15,-1.59,0.87,0
126.0,117.91,97.08,-273.15,-1.58,0.87,0
126.1,117.91,96.94,-52.78,-1.58,0.87,0
126.2,118.09,96.94,-52.78,-1.58,0.87,0
126.3,117.91,97.08,-273.15,-1.58,0.87,0
126.4,117.91,97.08,-273.15,-1.58,0.83,0
126.5,117.91,96.94,-273.15,-1.58,0.87,0
126.6,117.73,97.08,-273.15,-1.58,0.83,0
126.6,117.91,96.94,-273.15,-1.58,0.87,0
126.7,117.91,96.94,-273.15,-1.58,0.83,0
126.8,117.73,97.08,-52.78,-1.58,0.87,0
126.9,117.91,96.94,-273.15,-1.58,0.87,0
127.0,117.73,96.94,-38.36,-1.58,0.87,0
127.1,117.73,96.94,-273.15,-1.58,0.87,0
127.2,117.73,96.94,-273.15,-1.57,0.87,0
127.3,117.91,96.94,-273.15,-1.57,0.83,0
127.4,117.73,97.08,-273.15,-1.57,0.83,0
127.5,117.54,97.22,-273.15,-1.58,0.83,0
127.6,117.73,97.5,-273.15,-1.58,0.87,0
127.7,117.73,96.94,-52.78,-1.58,0.87,0
127.7,117.54,96.66,-273.15,-1.58,0.83,0
127.8,117.73,97.08,-273.15,-1.58,0.83,0
127.9,117.54,96.94,-273.15,-1.58,0.87,0
128.0,117.18,96.94,-273.15,-1.58,0.87,0
128.1,117.54,96.94,-273.15,-1.59,0.87,0
128.2,117.54,96.94,-273.15,-1.59,0.87,0
128.3,117.54,96.94,-273.15,-1.6,0.87,0
128.4,117.54,96.94,-273.15,-1.6,0.83,0
128.5,117.54,97.08,-273.15,-1.6,0.83,0
128.6,117.54,96.94,-273.15,-1.6,0.87,0
128.7,117.54,96.94,-273.15,-1.61,0.87,0
128.8,117.54,96.94,-273.15,-1.61,0.83,0
128.9,117.54,96.94,-34.26,-1.6,0.87,0
128.9,117.18,96.52,-52.78,-1.61,0.83,0
129.0,117.54,96.94,-273.15,-1.6,0.87,0
129.1,117.0,96.94,-273.15,-1.6,0.87,0
129.2,117.73,96.94,-52.78,-1.6,0.87,0
129.3,117.54,96.94,-273.15,-1.59,0.87,0
129.4,117.36,96.94,-273.15,-1.6,0.87,0
129.5,117.36,96.94,-34.26,-1.6,0.87,0
129.6,117.54,96.94,-273.15,-1.6,0.87,0
129.7,117.36,96.94,-273.15,-1.6,0.87,0
129.8,117.54,96.94,-273.15,-1.6,0.83,0
129.9,117.18,96.94,-273.15,-1.6,0.83,0
130.0,117.36,96.94,-273.15,-1.6,0.83,0
130.1,117.36,96.94,-273.15,-1.6,0.87,0
130.2,117.36,96.8,-52.78,-1.6,0.87,0
130.3,117.36,96.8,-273.15,-1.6,0.83,0
130.4,117.36,96.94,-273.15,-1.6,0.83,0
130.4,117.36,96.94,-273.15,-1.61,0.87,0
130.5,117.36,96.94,-273.15,-1.6,0.83,0
130.6,117.54,96.94,-273.15,-1.6,0.87,0
130.7,117.36,96.94,-273.15,-1.61,0.87,0
130.8,117.36,96.8,-34.26,-1.6,0.87,0
130.9,117.36,96.94,-273.15,-1.6,0.83,0
131.0,117.36,96.8,-273.15,-1.6,0.83,0
131.1,117.36,96.94,-273.15,-1.6,0.87,0
131.2,117.18,96.8,-273.15,-1.6,0.87,0
131.3,117.36,96.8,-273.15,-1.6,0.83,0
131.4,117.18,96.8,-52.78,-1.6,0.83,0
131.5,117.18,96.8,-273.15,-1.6,0.83,0
131.6,117.18,96.8,-52.78,-1.6,0.87,0
131.6,117.18,96.8,-273.15,-1.61,0.87,0
131.7,117.18,96.8,-273.15,-1.61,0.83,0
131.8,117.18,96.94,-273.15,-1.61,0.87,0
131.9,117.18,96.8,-273.15,-1.6,0.83,0
132.0,117.18,96.8,-273.15,-1.6,0.87,0
132.1,117.18,96.8,-273.15,-1.59,0.83,0
132.2,117.18,96.8,-273.15,-1.58,0.87,0
132.3,117.18,96.8,-273.15,-1.59,0.83,0
132.4,117.18,96.8,-52.78,-1.59,0.87,0
132.5,117.18,96.8,-52.78,-1.59,0.87,0
132.6,117.18,96.8,-273.15,-1.58,0.83,0
132.7,117.18,96.8,-273.15,-1.59,0.87,0
132.7,117.18,97.08,-273.15,-1.58,0.87,0
132.8,117.18,96.66,-273.15,-1.58,0.87,0
132.9,117.18,96.8,-273.15,-1.58,0.87,0
133.0,117.18,96.8,-273.15,-1.57,0.87,0
133.1,117.0,96.8,-273.15,-1.57,0.87,0
133.2,117.0,96.8,-273.15,-1.57,0.87,0
133.3,117.0,96.8,-38.36,-1.57,0.87,0
133.4,116.82,96.8,-273.15,-1.58,0.87,0
133.5,117.0,96.8,-273.15,-1.58,0.87,0
133.6,117.0,96.8,-34.26,-1.58,0.83,0
133.7,117.0,96.8,-273.15,-1.58,0.87,0
133.8,117.0,96.8,-273.15,-1.58,0.87,0
133.9,117.0,96.66,-273.15,-1.57,0.83,0
133.9,117.0,96.8,-273.15,-1.58,0.87,0
134.0,117.0,96.8,-273.15,-1.57,0.87,0
134.1,117.0,96.8,-273.15,-1.57,0.87,0
