T,TEMP1,TEMP2,TEMP3,LOAD,PRESSURE,VALVE
0.0,22.83,21.15,-273.15,-0.01,1.00,0
0.1,22.83,21.72,-52.78,-0.02,1.00,0
0.2,23.10,21.15,-273.15,-0.02,1.04,0
0.2,24.17,20.86,-273.15,-0.03,1.00,0
0.3,22.28,21.15,-28.23,-0.03,1.00,0
0.4,22.83,21.44,-273.15,-0.04,0.96,0
0.5,22.56,21.15,-273.15,-0.04,1.00,0
0.6,22.83,21.44,-25.85,-0.03,1.00,0
0.7,22.83,21.72,-273.15,-0.02,0.96,0
0.8,22.56,21.15,-273.15,-0.03,1.00,0
0.8,22.56,21.44,-273.15,-0.04,0.96,0
0.9,22.83,21.15,-273.15,-0.03,1.00,0
1.0,21.15,20.28,-273.15,-0.03,1.00,0
1.1,22.28,22.00,-273.15,-0.04,1.00,0
1.2,23.10,21.44,-273.15,-0.04,1.00,0
1.3,22.28,21.15,-273.15,-0.04,1.00,0
1.4,22.28,21.44,-273.15,-0.04,1.04,0
1.5,21.72,20.86,-273.15,-0.04,1.00,0
1.6,24.17,22.00,-273.15,-0.05,1.00,0
1.7,23.10,21.44,-273.15,-0.06,1.00,0
1.7,22.83,21.72,-273.15,-0.07,1.00,0
1.8,22.56,21.15,-273.15,-0.08,1.00,0
1.9,22.83,21.15,-273.15,-0.08,1.04,0
2.0,23.10,21.15,-273.15,-0.08,1.00,0
2.1,23.37,21.15,-273.15,-0.08,1.04,0
2.2,22.83,21.44,-34.26,-0.08,1.00,0
2.3,22.83,21.44,-273.15,-0.08,0.96,0
2.4,23.37,21.15,-273.15,-0.09,1.00,0
2.5,22.56,21.15,-273.15,-0.10,1.00,0
2.6,22.83,21.44,-273.15,-0.10,1.00,0
2.7,22.83,21.15,-273.15,-0.11,1.00,0
2.8,21.15,20.28,-273.15,-0.11,1.00,0
2.8,22.83,21.44,-273.15,-0.12,1.00,0
2.9,22.83,21.15,-273.15,-0.12,1.00,0
3.0,22.56,21.15,-273.15,-0.12,1.00,0
3.1,22.56,21.15,-273.15,-0.12,1.00,0
3.2,21.72,20.57,-273.15,-0.13,1.00,0
3.3,23.37,21.15,-273.15,-0.13,1.00,0
3.4,22.83,21.44,-273.15,-0.13,0.96,0
3.5,22.83,21.15,-273.15,-0.13,1.00,0
3.6,24.95,21.44,-273.15,-0.13,1.00,0
3.7,22.83,20.86,-52.78,-0.14,1.00,0
3.8,23.10,21.44,-273.15,-0.15,0.96,0
3.9,23.91,21.44,-43.90,-0.15,1.00,0
4.0,21.15,21.44,-273.15,-0.16,1.00,0
4.0,23.10,21.15,-52.78,-0.16,1.00,0
4.1,22.83,21.44,-273.15,-0.15,1.00,0
4.2,23.64,20.28,-273.15,-0.14,1.00,0
4.3,22.83,21.15,-273.15,-0.15,1.00,0
4.4,22.83,21.44,-23.75,-0.16,1.00,0
4.5,22.83,21.44,-273.15,-0.16,0.96,0
4.6,23.37,21.44,-273.15,-0.16,0.96,0
4.7,22.83,20.86,-273.15,-0.15,1.00,0
4.8,22.83,21.44,-273.15,-0.14,1.00,0
4.9,23.10,21.72,-34.26,-0.14,1.00,0
5.0,21.15,21.15,-273.15,-0.13,1.00,0
5.1,22.56,21.15,-273.15,-0.10,1.00,0
5.2,22.83,21.44,-273.15,-0.10,1.00,0
5.2,22.00,20.57,-52.78,-0.10,1.00,0
5.3,22.83,21.44,-273.15,-0.07,1.00,0
5.4,22.83,21.44,-273.15,-0.04,0.96,0
5.5,23.10,20.57,-273.15,-0.02,1.00,0
5.6,22.83,21.15,-23.75,-0.01,0.96,0
5.7,22.83,21.44,-273.15,-0.01,1.00,0
5.8,23.37,22.83,-25.85,-0.01,1.00,0
5.9,23.10,20.86,-30.98,-0.01,1.00,0
6.0,24.69,21.72,-273.15,-0.00,1.00,0
6.1,22.83,21.72,-52.78,-0.01,0.96,0
6.2,22.83,20.57,-273.15,-0.01,1.00,0
6.3,22.00,21.44,-52.78,0.02,1.00,0
6.3,22.83,21.15,-273.15,0.03,1.00,0
6.4,23.10,21.72,-273.15,-0.01,1.00,0
6.5,22.83,21.15,-273.15,-0.01,1.00,0
6.6,23.10,21.44,-273.15,0.00,1.00,0
6.7,22.83,21.15,-273.15,0.05,0.96,0
6.8,22.56,21.15,-34.26,0.07,1.00,0
6.9,23.10,21.15,-43.90,0.03,1.00,0
7.0,22.83,21.44,-273.15,-0.02,1.00,0
7.1,23.10,21.44,-273.15,-0.01,1.00,0
7.2,22.83,19.68,-273.15,0.03,0.96,0
7.3,22.00,21.44,-52.78,0.04,0.96,0
7.4,22.83,21.15,-273.15,0.05,1.00,0
7.5,22.56,21.15,-273.15,0.04,0.96,0
7.5,22.83,21.44,-273.15,0.04,1.00,0
7.6,23.64,21.44,-273.15,0.06,1.00,0
7.7,23.10,21.44,-273.15,0.07,1.00,0
7.8,22.56,21.15,-273.15,0.08,0.96,0
7.9,22.83,22.28,-273.15,0.08,1.00,0
8.0,22.56,21.44,-273.15,0.09,1.00,0
8.1,23.64,21.44,-273.15,0.09,1.00,0
8.2,22.56,20.57,-273.15,0.10,1.00,0
8.3,23.10,21.72,-273.15,0.09,1.00,0
8.4,22.83,21.44,-273.15,0.08,1.00,0
8.5,22.00,20.86,-273.15,0.08,0.96,0
8.6,23.10,21.44,-273.15,0.08,0.96,0
8.7,22.83,21.44,-273.15,0.07,1.00,0
8.7,22.83,21.15,-273.15,0.06,1.00,0
8.8,20.86,21.15,-52.78,0.07,1.00,0
8.9,22.83,21.15,-273.15,0.10,1.00,0
9.0,22.83,21.44,-273.15,0.11,1.00,0
9.1,22.83,21.44,-273.15,0.13,1.00,0
9.2,23.91,21.44,-273.15,0.15,0.96,0
9.3,22.83,21.15,-273.15,0.14,1.00,0
9.4,22.83,20.86,-273.15,0.13,1.00,0
9.5,20.86,21.72,-273.15,0.13,1.00,0
9.6,23.37,21.72,-273.15,0.12,1.00,0
9.7,22.56,21.72,-273.15,0.12,1.00,0
9.8,22.83,21.72,-52.78,0.11,1.00,0
9.8,22.83,21.44,-273.15,0.11,1.00,0
10.0,22.83,22.00,-43.90,0.12,1.00,0
10.0,22.83,20.57,-273.15,0.13,0.96,0
10.1,22.83,21.15,-273.15,0.13,1.00,0
10.2,23.10,21.15,-273.15,0.14,1.00,0
10.3,24.43,21.72,-273.15,0.13,1.00,0
10.4,22.83,19.38,-273.15,0.17,1.00,0
10.5,22.56,21.44,-25.85,0.19,1.00,0
10.6,22.83,20.28,-273.15,0.20,1.00,0
10.7,22.83,20.86,-52.78,0.20,1.00,0
10.8,22.28,21.44,-273.15,0.21,1.00,0
10.9,22.83,21.44,-52.78,0.22,1.04,0
11.0,22.56,21.15,-273.15,0.21,1.00,0
11.0,23.64,21.15,-273.15,0.21,1.00,0
11.1,23.64,21.15,-273.15,0.22,1.00,0
11.2,22.83,22.83,-34.26,0.25,1.00,0
11.3,22.56,22.00,-273.15,0.27,1.00,0
11.4,24.17,21.44,-273.15,0.26,1.00,0
11.5,22.83,21.44,-273.15,0.25,1.00,0
11.6,22.56,21.15,-52.78,0.25,1.00,0
11.7,22.56,20.86,-30.98,0.26,1.00,0
11.8,22.83,21.44,-273.15,0.26,1.00,0
11.9,22.56,22.56,-43.90,0.28,1.00,0
12.0,22.56,21.44,-273.15,0.29,1.00,0
12.1,23.10,21.44,-273.15,0.29,1.00,0
12.2,23.64,20.28,-273.15,0.29,1.00,0
12.2,22.83,21.15,-273.15,0.30,1.00,0
12.3,22.56,21.15,-273.15,0.30,1.00,0
12.4,22.83,21.72,-52.78,0.32,1.00,0
12.5,22.83,21.44,-273.15,0.32,1.00,0
12.6,22.83,21.72,-52.78,0.31,1.04,0
12.7,23.10,22.56,-43.90,0.32,1.00,0
12.8,22.56,21.15,-28.23,0.33,1.00,0
12.9,22.83,22.00,-273.15,0.32,1.00,0
13.0,22.56,21.44,-52.78,0.31,1.00,0
13.1,22.56,21.44,-273.15,0.32,1.00,0
13.2,20.86,21.72,-273.15,0.32,1.00,0
13.3,22.56,21.44,-273.15,0.32,1.00,0
13.3,22.83,20.86,-34.26,0.32,1.00,0
13.4,23.10,21.44,-273.15,0.32,1.00,0
13.5,22.28,21.44,-273.15,0.33,1.00,0
13.6,22.56,21.44,-273.15,0.33,1.00,0
13.7,23.10,21.72,-273.15,0.33,1.00,0
13.8,24.43,21.72,-273.15,0.34,1.00,0
13.9,22.83,21.72,-43.90,0.34,1.04,0
14.0,22.56,21.72,-273.15,0.33,1.04,0
14.1,22.56,21.44,-273.15,0.32,1.00,0
14.2,22.56,21.44,-52.78,0.33,0.96,0
14.3,22.56,21.44,-273.15,0.32,1.00,0
14.4,21.72,20.86,-273.15,0.31,1.00,0
14.5,24.69,21.44,-273.15,0.30,1.00,0
14.5,22.56,20.86,-273.15,0.30,1.04,0
14.6,22.00,21.72,-52.78,0.29,1.00,0
14.7,22.56,21.44,-273.15,0.28,0.96,0
14.8,22.83,20.86,-43.90,0.28,1.00,0
14.9,22.83,21.15,-273.15,0.27,1.00,0
15.0,22.56,21.15,-273.15,0.27,1.00,0
15.1,22.56,21.44,-273.15,0.27,1.04,0
15.2,22.28,20.86,-273.15,0.27,0.96,0
15.3,22.56,20.57,-273.15,0.28,1.00,0
15.4,22.83,22.00,-23.75,0.28,1.04,0
15.5,22.56,21.44,-273.15,0.27,1.00,0
15.6,22.28,21.44,-273.15,0.27,0.96,0
15.6,22.83,21.44,-273.15,0.28,1.08,0
15.7,22.28,20.86,-34.26,0.27,1.00,0
15.8,22.83,21.72,-273.15,0.27,1.00,0
15.9,22.56,21.44,-273.15,0.27,0.96,0
16.0,23.91,21.44,-52.78,0.27,1.00,0
16.1,22.56,21.44,-273.15,0.28,1.00,0
16.2,22.56,21.44,-273.15,0.28,1.00,0
16.3,22.83,21.44,-52.78,0.28,1.04,0
16.4,23.64,21.44,-273.15,0.28,1.00,0
16.5,22.56,21.44,-34.26,0.28,1.04,0
16.6,22.56,21.15,-273.15,0.29,1.00,0
16.7,20.86,21.44,-273.15,0.29,1.00,0
16.8,22.83,21.72,-273.15,0.30,1.00,0
16.8,22.28,21.44,-273.15,0.30,1.00,0
16.9,22.56,21.44,-43.90,0.29,1.08,0
17.0,23.10,21.15,-273.15,0.29,1.00,0
17.1,22.56,21.15,-52.78,0.30,1.04,0
17.2,22.83,21.44,-273.15,0.31,1.04,0
17.3,22.56,23.10,-43.90,0.32,0.96,0
17.4,22.28,21.72,-43.90,0.32,1.00,0
17.5,22.56,21.44,-273.15,0.32,0.96,0
17.6,24.95,21.72,-34.26,0.31,1.00,0
17.7,21.44,21.44,-273.15,0.33,1.00,0
17.8,22.56,21.15,-273.15,0.32,1.00,0
17.9,22.56,21.44,-273.15,0.33,0.96,0
18.0,22.83,21.44,-273.15,0.34,1.00,0
18.0,22.28,21.44,-273.15,0.36,1.00,0
18.1,22.56,21.44,-273.15,0.37,0.96,0
18.2,22.83,21.15,-273.15,0.39,1.00,0
18.3,23.37,21.15,-273.15,0.40,1.00,0
18.4,22.28,21.44,-273.15,0.38,1.00,0
18.5,21.72,21.44,-273.15,0.37,0.96,0
18.6,22.83,21.44,-52.78,0.37,1.00,0
18.7,22.56,21.44,-273.15,0.35,0.96,0
18.8,22.56,21.44,-273.15,0.35,1.00,0
18.9,22.56,21.44,-273.15,0.38,1.00,0
19.0,22.00,21.44,-273.15,0.38,1.00,0
19.1,22.83,21.15,-273.15,0.39,0.96,0
19.1,22.56,20.57,-273.15,0.39,1.00,0
19.2,22.00,21.15,-273.15,0.39,1.00,0
19.3,22.56,21.72,-273.15,0.40,1.00,0
19.4,22.83,21.44,-273.15,0.42,1.00,0
19.5,22.28,22.00,-273.15,0.42,1.00,0
19.6,22.83,20.57,-273.15,0.42,1.00,0
19.7,22.28,21.44,-273.15,0.42,1.00,0
19.8,22.28,21.15,-273.15,0.42,1.00,0
19.9,20.86,21.15,-273.15,0.41,1.00,0
20.0,22.56,21.44,-273.15,0.41,1.04,0
20.1,22.56,21.15,-273.15,0.41,1.00,0
20.2,22.83,21.15,-52.78,0.42,1.00,0
20.3,22.28,21.44,-273.15,0.43,1.04,0
20.3,22.28,21.44,-273.15,0.42,1.00,0
20.4,23.91,21.15,-43.90,0.42,1.00,0
20.5,22.83,21.44,-273.15,0.41,1.00,0
20.6,22.28,21.44,-52.78,0.41,1.00,0
20.7,22.83,21.44,-273.15,0.41,1.00,0
20.8,23.91,21.15,-273.15,0.42,1.04,0
20.9,22.28,21.44,-30.98,0.42,1.04,0
21.0,22.56,21.44,-273.15,0.41,1.00,0
21.1,22.56,21.44,-273.15,0.41,1.00,0
21.2,22.56,21.15,-273.15,0.41,1.00,0
21.3,22.28,21.15,-273.15,0.42,0.96,0
21.4,22.56,21.15,-273.15,0.41,1.00,0
21.5,20.86,21.15,-273.15,0.42,1.00,0
21.5,22.56,21.15,-273.15,0.44,1.00,0
21.6,22.83,21.44,-273.15,0.44,0.96,0
21.7,22.56,21.15,-273.15,0.44,1.00,0
21.8,23.37,21.72,-273.15,0.45,1.04,0
21.9,22.28,21.44,-273.15,0.46,1.04,0
22.0,22.56,21.44,-28.23,0.48,1.00,0
22.1,22.28,21.72,-273.15,0.47,1.04,0
22.2,22.28,21.72,-30.98,0.47,1.00,0
22.3,22.00,21.44,-273.15,0.47,0.96,0
22.4,22.83,21.44,-273.15,0.50,1.00,0
22.5,22.56,21.15,-273.15,0.52,1.00,0
22.6,23.37,19.98,-273.15,0.55,1.00,0
22.6,22.28,21.44,-273.15,0.58,1.00,0
22.7,22.28,21.44,-52.78,0.57,1.00,0
22.8,22.56,21.72,-52.78,0.56,1.00,0
22.9,22.56,21.15,-273.15,0.55,1.00,0
23.0,23.64,19.68,-273.15,0.58,1.00,0
23.1,20.86,21.44,-273.15,0.55,1.00,0
23.2,22.56,21.44,-23.75,0.54,1.00,0
23.3,22.28,21.44,-273.15,0.55,1.00,0
23.4,22.28,22.56,-34.26,0.55,1.00,0
23.5,23.64,21.72,-273.15,0.61,1.00,0
23.6,20.86,21.44,-273.15,0.66,0.96,0
23.7,22.28,20.86,-52.78,0.68,1.00,0
23.8,22.28,21.72,-52.78,0.70,0.96,0
23.8,22.83,21.72,-52.78,0.71,1.04,0
23.9,22.83,21.15,-273.15,0.70,1.00,0
24.0,22.28,21.44,-43.90,0.68,1.00,0
24.1,22.83,21.72,-273.15,0.66,1.00,0
24.2,22.56,21.15,-273.15,0.64,1.00,0
24.3,22.00,20.86,-273.15,0.63,0.96,0
24.4,22.00,21.72,-52.78,0.62,1.00,0
24.5,22.56,21.15,-273.15,0.60,1.00,0
24.6,20.28,20.86,-273.15,0.59,1.04,0
24.7,22.83,22.00,-52.78,0.59,1.00,0
24.8,24.43,21.72,-273.15,0.59,0.96,0
24.9,22.28,21.15,-273.15,0.57,1.00,0
25.0,23.64,21.72,-273.15,0.57,1.00,0
25.0,22.28,21.44,-52.78,0.57,1.00,0
25.1,22.00,21.44,-273.15,0.56,1.00,0
25.2,22.28,20.28,-273.15,0.56,1.04,0
25.3,22.56,21.44,-273.15,0.55,0.96,0
25.4,22.28,21.44,-273.15,0.58,0.96,0
25.5,22.28,21.72,-273.15,0.58,1.00,0
25.6,22.00,20.57,-273.15,0.55,1.00,0
25.7,22.28,20.86,-273.15,0.57,1.04,0
25.8,22.28,21.72,-38.36,0.57,1.00,0
25.9,22.56,21.44,-273.15,0.57,1.00,0
26.0,22.28,21.44,-273.15,0.59,1.04,0
26.1,22.83,21.44,-28.23,0.60,1.00,0
26.1,22.28,21.44,-273.15,0.59,0.96,0
26.2,22.28,21.44,-273.15,0.59,1.00,0
26.3,21.15,21.44,-273.15,0.61,1.04,0
26.4,22.56,21.44,-38.36,0.62,1.00,0
26.5,22.28,21.44,-273.15,0.62,1.00,0
26.6,22.28,22.28,-273.15,0.62,1.00,0
26.7,22.56,21.44,-273.15,0.63,1.04,0
26.8,22.28,21.15,-273.15,0.63,0.96,0
26.9,22.83,21.15,-273.15,0.62,1.00,0
27.0,22.28,22.00,-273.15,0.62,0.96,0
27.1,23.91,21.44,-273.15,0.61,1.04,0
27.2,22.28,21.72,-43.90,0.61,0.96,0
27.2,22.83,21.15,-273.15,0.60,0.96,0
27.3,23.37,22.00,-52.78,0.61,0.96,0
27.4,22.56,21.44,-34.26,0.62,1.00,0
27.5,22.56,21.72,-273.15,0.62,1.00,0
27.6,22.28,22.56,-52.78,0.62,1.04,0
27.7,22.28,22.00,-273.15,0.61,1.00,0
27.8,22.28,21.44,-273.15,0.62,1.00,0
27.9,22.28,21.72,-273.15,0.62,1.00,0
28.0,22.00,21.15,-52.78,0.63,1.00,0
28.1,22.28,21.44,-52.78,0.64,1.00,0
28.2,22.28,21.15,-273.15,0.62,1.04,0
28.3,22.28,21.44,-52.78,0.62,1.00,0
28.4,22.00,21.15,-52.78,0.61,1.04,0
28.4,22.00,21.44,-273.15,0.62,1.00,0
28.5,22.28,21.15,-273.15,0.62,1.00,0
28.6,22.28,22.00,-273.15,0.63,1.04,0
28.7,22.28,21.15,-273.15,0.64,1.00,0
28.8,22.56,20.57,-273.15,0.64,1.04,0
28.9,22.28,21.44,-38.36,0.63,1.00,0
29.0,21.72,21.44,-273.15,0.62,1.00,0
29.1,22.28,21.15,-273.15,0.61,1.00,0
29.2,22.56,21.44,-273.15,0.60,0.96,0
29.3,22.00,22.00,-273.15,0.60,1.00,0
29.4,22.28,21.44,-52.78,0.58,1.00,0
29.5,22.28,21.44,-273.15,0.60,1.04,0
29.6,22.28,21.44,-273.15,0.62,1.00,0
29.6,22.56,21.72,-273.15,0.63,0.96,0
29.7,22.00,21.15,-273.15,0.65,1.00,0
29.8,22.56,21.44,-273.15,0.63,1.00,0
29.9,22.00,21.72,-273.15,0.62,1.00,0
30.0,22.28,21.44,-43.90,0.62,1.00,0
30.1,22.00,21.44,-273.15,0.63,1.00,0
30.2,22.28,21.44,-273.15,0.63,1.00,0
30.3,22.00,20.86,-273.15,0.64,1.00,0
30.4,22.28,20.57,-273.15,0.62,1.00,0
30.5,21.15,21.44,-273.15,0.62,1.00,0
30.6,22.28,21.44,-273.15,0.63,1.00,0
30.7,21.72,20.28,-273.15,0.64,1.00,0
30.7,22.00,21.15,-273.15,0.64,1.00,0
30.8,22.28,21.15,-52.78,0.67,1.04,0
30.9,22.28,21.44,-273.15,0.70,1.00,0
31.0,22.56,21.44,-273.15,0.70,1.04,0
31.1,22.56,21.44,-273.15,0.74,1.00,0
31.2,21.72,21.15,-273.15,0.87,1.00,0
31.3,24.17,21.72,-273.15,0.97,1.00,0
31.4,22.00,21.44,-273.15,0.93,0.96,0
31.5,22.00,20.86,-273.15,0.87,1.00,0
31.6,22.28,21.44,-273.15,0.86,0.96,0
31.7,22.28,21.44,-34.26,0.84,1.00,0
31.8,21.44,21.72,-273.15,0.84,1.04,0
31.9,22.56,21.15,-273.15,0.85,1.00,0
32.0,22.83,22.00,-34.26,0.85,0.96,0
32.0,22.00,21.15,-38.36,0.84,1.00,0
32.1,22.00,21.44,-273.15,0.82,1.04,0
32.2,22.28,21.72,-273.15,0.80,0.96,0
32.3,22.28,21.44,-273.15,0.77,1.00,0
32.4,23.37,21.44,-273.15,0.73,1.00,0
32.5,22.28,21.44,-21.86,0.75,1.00,0
32.6,21.15,21.44,-273.15,0.75,1.00,0
32.7,21.72,21.44,-273.15,0.78,0.96,0
32.8,22.83,22.28,-273.15,0.81,1.00,0
32.9,22.28,21.72,-52.78,0.82,0.96,0
33.0,21.72,22.00,-38.36,0.80,0.96,0
33.0,22.28,21.15,-273.15,0.78,1.00,0
33.1,22.00,21.44,-273.15,0.76,1.04,0
33.2,22.00,21.44,-28.23,0.74,1.00,0
33.3,22.83,21.15,-273.15,0.73,1.04,0
33.4,22.00,21.72,-273.15,0.72,1.00,0
33.5,22.00,21.44,-52.78,0.73,1.00,0
33.6,22.00,21.72,-273.15,0.73,1.00,0
33.7,22.00,21.44,-273.15,0.76,1.00,0
33.8,22.00,22.83,-273.15,0.78,1.00,0
33.9,22.00,21.44,-273.15,0.79,1.04,0
34.0,22.83,21.15,-273.15,0.75,0.96,0
34.1,22.00,21.44,-273.15,0.69,0.96,0
34.2,22.00,21.72,-38.36,0.66,1.00,0
34.2,21.15,20.86,-52.78,0.67,1.00,0
34.3,22.00,20.57,-273.15,0.69,0.96,0
34.4,22.00,21.44,-38.36,0.72,1.00,0
34.5,22.28,21.15,-273.15,0.70,1.04,0
34.6,22.28,21.72,-273.15,0.69,1.00,0
34.7,22.00,21.44,-273.15,0.69,0.96,0
34.8,22.00,22.00,-273.15,0.68,1.00,0
34.9,21.72,21.15,-273.15,0.66,1.00,0
35.0,22.28,21.15,-273.15,0.67,0.96,0
35.1,21.15,21.44,-28.23,0.66,1.04,0
35.2,22.00,21.44,-273.15,0.64,0.96,0
35.3,23.91,21.44,-273.15,0.63,1.04,0
35.4,23.37,21.15,-273.15,0.63,0.96,0
35.4,22.00,21.44,-273.15,0.64,1.00,0
35.5,22.28,21.44,-273.15,0.66,1.00,0
35.6,22.00,21.15,-273.15,0.66,1.00,0
35.7,22.28,20.86,-52.78,0.66,1.00,0
35.8,22.28,21.44,-273.15,0.65,1.00,0
35.9,22.00,21.72,-273.15,0.65,1.04,0
36.0,22.00,21.15,-273.15,0.67,0.96,0
36.1,22.28,21.44,-273.15,0.69,1.00,0
36.2,22.00,21.44,-273.15,0.69,1.00,0
36.3,22.00,21.44,-273.15,0.68,1.00,0
36.4,22.00,21.44,-273.15,0.67,1.04,0
36.5,21.72,21.44,-273.15,0.67,1.00,0
36.5,22.00,21.15,-52.78,0.67,1.00,0
36.6,22.00,21.44,-273.15,0.67,0.96,0
36.7,21.72,21.44,-273.15,0.65,1.00,0
36.8,22.00,21.15,-52.78,0.64,0.96,0
36.9,22.00,21.44,-273.15,0.65,1.00,0
37.0,21.15,20.86,-43.90,0.64,1.04,0
37.1,21.72,21.72,-23.75,0.63,1.00,0
37.2,21.15,21.44,-23.75,0.63,1.00,0
37.3,22.00,21.15,-52.78,0.62,0.96,0
37.4,22.00,21.44,-43.90,0.63,0.96,0
37.5,22.00,22.00,-273.15,0.65,1.00,0
37.6,22.00,23.10,-273.15,0.63,0.96,0
37.7,21.72,21.15,-273.15,0.60,0.96,0
37.7,22.00,21.72,-273.15,0.58,1.04,0
37.8,22.00,21.72,-43.90,0.59,0.96,0
37.9,22.00,20.86,-273.15,0.59,0.96,0
38.0,22.28,22.00,-273.15,0.59,1.00,0
38.1,22.00,21.72,-52.78,0.60,0.96,0
38.2,22.00,21.15,-273.15,0.61,1.00,0
38.3,21.72,19.98,-273.15,0.61,1.04,0
38.4,22.00,21.44,-20.15,0.59,1.00,0
38.5,21.15,21.44,-52.78,0.58,0.96,0
38.6,21.72,21.15,-273.15,0.63,0.96,0
38.7,22.28,21.72,-52.78,0.69,1.00,0
38.8,22.28,21.15,-273.15,0.68,1.00,0
38.9,22.28,21.72,-273.15,0.65,1.00,0
38.9,21.44,21.72,-273.15,0.68,1.00,0
39.0,22.00,20.86,-273.15,0.69,1.00,0
39.1,20.28,20.57,-273.15,0.70,1.00,0
39.2,22.28,19.98,-273.15,0.69,1.00,0
39.3,21.72,21.44,-273.15,0.69,0.96,0
39.4,21.44,21.72,-43.90,0.67,1.04,0
39.5,22.56,21.15,-28.23,0.66,1.00,0
39.6,20.28,21.44,-273.15,0.66,1.00,0
39.7,21.72,21.15,-273.15,0.69,1.00,0
39.8,22.00,21.15,-52.78,0.69,1.00,0
39.9,22.00,21.44,-273.15,0.67,1.00,0
40.0,22.00,21.44,-273.15,0.68,1.00,0
40.1,22.00,21.44,-273.15,0.70,1.00,0
40.1,22.00,21.15,-273.15,0.68,1.04,0
40.2,21.72,21.72,-273.15,0.68,1.00,0
40.3,22.00,21.72,-273.15,0.69,1.00,0
40.4,21.72,21.44,-273.15,0.68,1.00,0
40.5,22.00,22.00,-273.15,0.69,1.00,0
40.6,22.00,20.28,-273.15,0.68,1.00,0
40.7,21.72,21.15,-273.15,0.66,1.00,0
40.8,21.72,21.72,-273.15,0.66,1.00,0
40.9,22.00,21.44,-52.78,0.66,1.00,0
41.0,22.00,21.72,-273.15,0.65,1.00,0
41.1,21.72,21.44,-21.86,0.64,1.00,0
41.2,22.00,21.44,-43.90,0.64,1.00,0
41.2,22.00,21.44,-25.85,0.63,1.00,0
41.3,21.72,21.44,-273.15,0.63,1.00,0
41.4,22.00,21.72,-52.78,0.64,1.00,0
41.5,23.64,21.44,-273.15,0.64,1.00,0
41.6,22.28,21.44,-273.15,0.63,1.00,0
41.7,22.56,21.72,-52.78,0.63,1.00,0
41.8,22.00,21.44,-34.26,0.63,1.00,0
41.9,21.72,21.44,-273.15,0.62,1.04,0
42.0,22.28,22.56,-273.15,0.61,1.00,0
42.1,21.72,20.86,-273.15,0.61,1.00,0
42.2,22.00,21.44,-273.15,0.60,1.00,0
42.3,22.00,21.44,-273.15,0.60,1.00,0
42.3,22.00,21.15,-273.15,0.60,1.00,0
42.4,22.28,21.44,-34.26,0.59,1.00,0
42.5,22.28,21.72,-273.15,0.58,0.96,0
42.6,22.00,21.44,-273.15,0.58,1.00,0
42.7,22.00,21.44,-52.78,0.58,1.00,0
42.8,22.00,20.86,-273.15,0.59,1.00,0
42.9,22.00,21.44,-273.15,0.60,0.96,0
43.0,21.72,21.15,-273.15,0.57,0.96,0
43.1,22.28,21.44,-273.15,0.55,1.00,0
43.2,22.56,21.15,-38.36,0.55,1.00,0
43.3,21.72,21.44,-52.78,0.54,1.00,0
43.4,21.72,20.86,-43.90,0.53,1.00,0
43.5,22.00,23.10,-273.15,0.52,1.00,0
43.5,22.28,21.15,-273.15,0.51,1.00,0
43.6,22.56,21.15,-273.15,0.51,1.00,0
43.7,21.72,21.15,-273.15,0.52,1.00,0
43.8,21.72,21.44,-273.15,0.51,1.04,0
43.9,22.56,22.00,-273.15,0.51,1.04,0
44.0,22.28,21.44,-273.15,0.52,1.04,0
44.1,22.00,21.44,-273.15,0.51,1.00,0
44.2,22.00,21.44,-273.15,0.47,0.96,0
44.3,22.00,21.72,-273.15,0.45,1.00,0
44.4,22.00,22.83,-273.15,0.44,0.96,0
44.5,23.37,21.44,-273.15,0.43,1.00,0
44.6,22.56,21.72,-273.15,0.46,1.00,0
44.7,22.00,21.44,-273.15,0.49,1.00,0
44.7,22.00,21.44,-273.15,0.48,1.00,0
44.8,22.00,22.00,-25.85,0.49,0.96,0
44.9,22.00,21.44,-273.15,0.48,1.00,0
45.0,21.72,20.57,-273.15,0.49,1.00,0
45.1,22.00,21.72,-273.15,0.50,1.04,0
45.2,22.00,20.28,-273.15,0.51,1.04,0
45.3,21.72,21.44,-273.15,0.51,1.00,0
45.4,23.64,21.72,-273.15,0.50,1.00,0
45.5,21.72,21.44,-273.15,0.50,0.96,0
45.6,22.28,21.44,-273.15,0.50,1.00,0
45.7,22.00,21.44,-43.90,0.48,1.00,0
45.8,22.00,22.00,-23.75,0.47,1.00,0
45.8,21.72,21.15,-273.15,0.47,1.00,0
45.9,21.72,21.72,-273.15,0.47,0.96,0
46.0,22.28,21.44,-52.78,0.46,1.04,0
46.1,20.28,20.28,-273.15,0.47,0.96,0
46.2,22.00,19.98,-273.15,0.48,1.04,0
46.3,22.00,21.44,-273.15,0.47,1.00,0
46.4,22.00,21.72,-273.15,0.47,1.00,0
46.5,22.00,21.72,-273.15,0.48,1.00,0
46.6,21.72,21.44,-273.15,0.50,1.00,0
46.7,22.56,21.44,-52.78,0.51,1.00,0
46.8,21.44,20.28,-273.15,0.50,0.96,0
46.9,22.00,21.15,-273.15,0.49,1.00,0
47.0,22.00,21.72,-273.15,0.49,0.96,0
47.0,21.72,20.86,-273.15,0.49,1.04,0
47.1,22.00,22.00,-273.15,0.50,1.04,0
47.2,22.00,21.72,-52.78,0.50,1.00,0
47.3,22.00,21.44,-273.15,0.48,1.00,0
47.4,21.72,21.44,-273.15,0.48,0.96,0
47.5,22.83,21.15,-273.15,0.48,1.04,0
47.6,22.00,21.15,-52.78,0.48,1.00,0
47.7,21.72,21.15,-52.78,0.48,1.00,0
47.8,22.00,21.15,-52.78,0.47,1.00,0
47.9,23.10,21.15,-273.15,0.46,1.04,0
48.0,21.72,21.44,-273.15,0.46,0.96,0
48.1,23.37,21.44,-273.15,0.45,1.00,0
48.2,21.72,21.44,-273.15,0.45,1.00,0
48.2,22.00,21.72,-273.15,0.44,1.00,0
48.3,22.00,21.44,-25.85,0.44,1.00,0
48.4,21.72,21.44,-28.23,0.44,1.00,0
48.5,22.00,21.44,-34.26,0.44,1.04,0
48.6,22.00,21.44,-273.15,0.44,0.96,0
48.7,22.28,21.44,-273.15,0.42,1.00,0
48.8,22.56,21.72,-273.15,0.42,1.00,0
48.9,22.56,23.37,-273.15,0.42,1.04,0
49.0,21.72,21.44,-273.15,0.43,1.04,0
49.1,21.44,21.72,-273.15,0.42,1.00,0
49.2,21.72,21.15,-273.15,0.41,1.00,0
49.3,22.28,21.15,-52.78,0.41,1.00,0
49.3,21.72,20.86,-273.15,0.40,1.00,0
49.4,21.72,21.44,-34.26,0.39,1.00,0
49.5,21.72,20.57,-273.15,0.39,0.96,0
49.6,21.72,21.15,-273.15,0.39,1.00,0
49.7,22.00,21.15,-43.90,0.37,1.00,0
49.8,22.28,20.86,-273.15,0.36,1.04,0
49.9,22.00,21.44,-273.15,0.37,1.04,0
50.0,22.28,21.44,-273.15,0.37,1.00,0
50.1,21.72,21.15,-273.15,0.36,1.00,0
50.2,22.28,21.72,-34.26,0.36,1.00,0
50.3,22.28,21.44,-273.15,0.39,1.04,0
50.4,22.28,21.44,-273.15,0.40,1.04,0
50.5,22.00,21.44,-273.15,0.43,1.00,0
50.5,22.00,21.72,-34.26,0.46,1.04,0
50.6,22.00,21.44,-273.15,0.47,0.96,0
50.7,22.56,20.57,-273.15,0.47,1.00,0
50.8,21.44,21.15,-52.78,0.45,1.00,0
50.9,22.00,21.44,-273.15,0.44,1.00,0
51.0,23.10,21.44,-273.15,0.42,1.00,0
51.1,22.00,21.44,-52.78,0.40,1.00,0
51.2,24.17,21.15,-273.15,0.40,1.00,0
51.3,20.57,21.44,-273.15,0.36,1.00,0
51.4,22.00,21.44,-273.15,0.34,1.00,0
51.5,22.00,21.44,-273.15,0.35,1.00,0
51.6,20.86,18.76,-273.15,0.36,1.04,0
51.6,22.00,22.00,-273.15,0.36,0.96,0
51.7,22.00,20.86,-273.15,0.36,0.96,0
51.8,22.00,21.15,-273.15,0.36,1.00,0
51.9,22.28,21.72,-25.85,0.37,1.00,0
52.0,23.10,21.44,-273.15,0.37,1.00,0
52.1,22.28,21.15,-273.15,0.36,1.04,0
52.2,22.00,21.72,-273.15,0.36,1.00,0
52.3,22.56,21.44,-273.15,0.37,1.00,0
52.4,22.00,21.44,-273.15,0.37,1.00,0
52.5,23.64,21.72,-273.15,0.36,1.00,0
52.6,22.00,20.86,-273.15,0.36,0.96,0
52.7,22.28,23.10,-30.98,0.36,1.00,0
52.8,22.00,21.44,-43.90,0.36,1.04,0
52.8,22.00,21.44,-273.15,0.37,1.00,0
52.9,22.00,22.56,-273.15,0.36,1.00,0
53.0,22.28,22.83,-273.15,0.36,1.00,0
53.1,21.72,21.15,-43.90,0.36,1.00,0
53.2,21.72,21.44,-273.15,0.36,0.96,0
53.3,22.83,21.72,-273.15,0.35,1.00,0
53.4,23.64,20.86,-273.15,0.34,1.00,0
53.5,22.00,20.86,-273.15,0.34,1.00,0
53.6,21.72,21.15,-52.78,0.34,1.00,0
53.7,22.00,21.72,-273.15,0.33,1.00,0
53.8,22.00,21.44,-273.15,0.33,1.00,0
53.9,22.00,21.15,-52.78,0.34,0.96,0
53.9,22.00,21.44,-273.15,0.33,0.96,0
54.0,22.00,21.15,-273.15,0.32,1.00,0
54.1,22.00,22.56,-273.15,0.32,1.00,0
54.2,20.28,21.15,-273.15,0.32,1.00,0
54.3,22.28,19.98,-273.15,0.32,1.00,0
54.4,22.00,21.44,-43.90,0.31,0.96,0
54.5,22.28,21.44,-273.15,0.31,1.00,0
54.6,22.00,21.15,-273.15,0.31,1.00,0
54.7,22.00,21.44,-273.15,0.34,1.00,0
54.8,22.28,22.56,-52.78,0.38,1.00,0
54.9,22.00,21.44,-52.78,0.37,1.00,0
55.0,22.28,21.15,-273.15,0.36,1.00,0
55.1,21.72,21.15,-38.36,0.38,1.00,0
55.1,22.28,21.15,-52.78,0.40,1.00,0
55.2,22.00,21.15,-273.15,0.40,1.00,0
55.3,22.00,21.44,-273.15,0.39,1.00,0
55.4,22.00,20.86,-273.15,0.38,1.04,0
55.5,22.00,21.44,-273.15,0.36,1.00,0
55.6,22.00,21.15,-273.15,0.35,1.00,0
55.7,22.00,20.86,-273.15,0.36,1.00,0
55.8,21.72,21.44,-273.15,0.37,0.96,0
55.9,22.00,21.44,-273.15,0.36,0.96,0
56.0,21.72,21.72,-273.15,0.36,1.00,0
56.1,22.28,21.44,-273.15,0.37,1.00,0
56.2,23.37,21.15,-273.15,0.36,1.04,0
56.3,22.00,21.15,-43.90,0.35,1.04,0
56.3,22.28,21.15,-25.85,0.35,0.96,0
56.4,22.28,21.44,-273.15,0.37,0.96,0
56.5,22.56,22.83,-273.15,0.36,0.96,0
56.6,22.00,21.15,-52.78,0.35,1.00,0
56.7,21.72,21.44,-273.15,0.43,1.00,0
56.8,22.00,21.44,-273.15,0.60,1.00,0
56.9,22.00,21.44,-273.15,0.63,1.00,0
57.0,21.72,21.44,-273.15,0.68,1.00,0
57.1,22.28,22.28,-273.15,0.72,1.00,0
57.2,21.15,21.15,-38.36,0.66,1.00,0
57.3,22.28,21.72,-43.90,0.60,1.04,0
57.4,20.57,21.44,-30.98,0.54,1.00,0
57.4,22.00,21.44,-273.15,0.50,1.00,0
57.5,22.00,21.44,-273.15,0.49,1.00,0
57.6,22.00,21.44,-273.15,0.50,1.00,0
57.7,22.28,22.00,-38.36,0.57,1.00,0
57.8,22.56,21.72,-273.15,0.59,1.00,0
57.9,21.72,21.72,-273.15,0.54,1.04,0
58.0,21.72,21.72,-273.15,0.50,1.00,0
58.1,21.72,21.15,-273.15,0.47,1.00,0
58.2,22.28,21.44,-273.15,0.48,1.00,0
58.3,22.28,21.72,-273.15,0.50,1.04,0
58.4,21.72,21.15,-273.15,0.49,0.96,0
58.5,22.00,21.15,-273.15,0.47,0.96,0
58.6,22.28,21.72,-273.15,0.46,1.04,0
58.6,21.72,21.44,-28.23,0.44,0.96,0
58.7,21.72,20.86,-273.15,0.42,1.00,0
58.8,22.00,21.44,-273.15,0.41,1.00,0
58.9,20.28,22.83,-43.90,0.41,1.00,0
59.0,22.00,21.44,-273.15,0.41,1.00,0
59.1,22.28,21.15,-273.15,0.44,0.96,0
59.2,21.72,21.44,-38.36,0.46,1.00,0
59.3,21.72,21.15,-43.90,0.43,1.04,0
59.4,22.00,21.44,-273.15,0.54,1.00,0
59.5,22.00,22.00,-52.78,0.75,1.00,0
59.6,22.00,21.44,-34.26,0.68,1.00,0
59.7,22.28,21.72,-273.15,0.42,1.00,0
59.7,22.00,21.15,-273.15,0.37,1.00,0
59.9,21.72,21.15,-273.15,0.69,0.96,0
59.9,22.00,20.57,-52.78,1.50,1.00,0
60.0,21.72,21.15,-273.15,1.69,0.96,0
60.1,22.28,21.44,-273.15,1.30,0.96,0
60.2,22.00,21.15,-273.15,1.56,1.00,0
60.3,22.00,21.44,-43.90,2.61,0.96,0
60.4,22.00,20.86,-273.15,3.23,1.00,0
60.5,22.83,22.56,-273.15,1.27,1.00,0
60.6,22.00,21.44,-273.15,1.01,1.00,0
60.7,22.00,21.44,-273.15,1.07,0.96,0
60.8,21.72,21.44,-273.15,1.07,0.96,0
60.9,21.72,21.44,-38.36,1.05,1.00,0
60.9,22.00,21.44,-43.90,1.10,0.96,0
61.0,22.56,21.44,-273.15,1.16,1.04,0
61.1,22.56,21.44,-30.98,1.19,0.96,0
61.2,22.56,21.72,-52.78,1.20,0.96,0
61.3,23.10,21.72,-52.78,1.20,1.00,0
61.4,22.28,21.15,-273.15,1.23,1.00,0
61.5,21.72,21.44,-273.15,1.24,1.00,0
61.6,22.00,21.15,-273.15,1.24,1.00,0
61.7,22.00,22.00,-273.15,1.22,1.00,0
61.8,22.00,23.10,-273.15,1.23,1.00,0
61.9,21.72,21.44,-273.15,1.24,1.00,0
62.0,22.28,21.15,-273.15,1.21,1.00,0
62.1,21.72,22.00,-273.15,1.21,1.00,0
62.1,22.00,21.44,-273.15,1.24,0.96,0
62.2,23.10,20.57,-28.23,1.25,1.00,0
62.3,22.28,21.72,-43.90,1.25,1.04,0
62.4,22.28,22.83,-273.15,1.25,1.00,0
62.5,22.00,21.44,-273.15,1.25,1.00,0
62.6,22.83,21.44,-273.15,1.25,1.00,0
62.7,22.00,21.15,-273.15,1.25,0.96,0
62.8,21.72,21.15,-38.36,1.26,1.00,0
62.9,22.56,21.72,-273.15,1.27,0.96,0
63.0,22.00,21.44,-18.58,1.26,1.00,0
63.1,22.28,21.44,-273.15,1.26,1.00,0
63.2,21.72,20.28,-43.90,1.26,1.00,1
63.2,21.72,20.86,-273.15,1.22,1.00,1
63.3,21.72,21.72,-273.15,0.30,5.22,1
63.4,22.00,21.44,-273.15,-0.37,7.04,1
63.5,20.57,21.72,-273.15,5.28,8.30,1
63.6,22.00,21.44,-52.78,18.85,7.92,1
63.7,21.72,21.15,-273.15,29.27,7.97,1
63.8,21.44,21.44,-273.15,33.41,7.84,1
63.9,23.64,21.15,-273.15,34.98,7.84,1
64.0,22.00,19.98,-43.90,36.05,7.92,1
64.1,22.00,21.72,-273.15,37.20,7.97,1
64.2,21.72,21.44,-34.26,38.27,7.97,1
64.3,21.72,21.15,-52.78,38.75,7.92,1
64.4,22.00,19.98,-52.78,39.00,8.26,1
64.4,22.00,21.44,-52.78,39.20,8.18,1
64.5,22.00,21.44,-273.15,39.39,8.30,1
64.6,22.00,20.28,-25.85,39.60,8.26,1
64.7,22.00,21.44,-38.36,40.05,8.30,1
64.8,22.00,21.44,-273.15,40.32,8.47,1
64.9,22.00,21.44,-273.15,40.48,8.56,1
65.0,21.44,21.15,-30.98,40.58,8.26,1
65.1,21.72,21.44,-273.15,40.62,8.43,1
65.2,21.44,21.72,-52.78,40.70,8.47,1
65.3,22.00,21.44,-38.36,40.77,8.52,1
65.4,22.00,21.44,-273.15,40.91,8.60,1
65.5,22.00,20.28,-273.15,41.02,8.64,1
65.6,22.00,21.44,-273.15,41.05,8.30,1
65.6,22.28,21.44,-273.15,41.11,8.56,1
65.7,22.00,21.15,-273.15,41.17,8.30,1
65.8,22.28,22.83,-273.15,41.25,8.30,1
65.9,19.68,21.44,-43.90,41.30,8.30,1
66.0,22.00,21.15,-273.15,41.35,8.39,1
66.1,22.28,21.72,-43.90,41.35,8.43,1
66.2,22.00,21.15,-273.15,41.31,8.39,1
66.3,22.00,21.72,-273.15,41.36,8.09,1
66.4,22.00,21.72,-273.15,41.43,8.09,1
66.5,21.72,21.44,-52.78,41.43,8.26,1
66.6,22.00,21.72,-52.78,41.42,8.35,1
66.7,21.15,23.10,-273.15,41.42,8.35,1
66.7,22.28,21.72,-273.15,41.43,8.22,1
66.8,22.00,21.44,-273.15,41.50,8.30,1
66.9,20.86,21.44,-273.15,41.45,8.18,1
67.0,21.72,21.72,-273.15,41.20,8.35,1
67.1,22.00,21.44,-273.15,41.02,8.26,1
67.2,22.28,22.00,-52.78,41.02,7.92,1
67.3,22.28,21.72,-23.75,40.96,7.92,1
67.4,22.28,21.44,-273.15,40.61,8.01,1
67.5,22.28,22.00,-273.15,40.14,7.76,1
67.6,20.57,21.72,-273.15,39.80,7.67,1
67.7,20.57,21.72,-273.15,39.19,7.92,1
67.8,20.86,21.72,-273.15,38.86,7.71,1
67.9,22.56,21.72,-273.15,38.66,7.29,1
67.9,22.56,22.00,-273.15,37.96,6.66,1
68.0,22.28,22.00,-52.78,36.47,4.04,1
68.1,22.28,21.15,-52.78,32.25,-0.18,1
68.2,22.28,23.64,-273.15,20.41,-1.58,1
68.3,22.56,22.28,-273.15,7.79,-1.32,1
68.4,22.28,22.28,-38.36,3.19,-1.11,1
68.5,22.56,22.28,-273.15,2.40,-0.90,1
68.6,22.83,22.28,-52.78,2.36,-0.69,1
68.7,22.83,22.56,-273.15,2.33,-0.48,1
68.8,23.91,22.83,-38.36,2.29,-0.27,1
68.9,22.83,21.15,-273.15,2.27,-0.14,1
69.0,22.83,22.28,-273.15,2.26,0.03,1
69.0,22.83,22.28,-52.78,2.24,0.11,1
69.1,23.10,22.28,-273.15,2.23,0.20,1
69.2,23.10,22.56,-273.15,2.22,0.32,1
69.3,23.10,22.56,-273.15,2.23,0.41,1
69.4,23.37,22.83,-273.15,2.23,0.45,1
69.5,23.37,23.91,-273.15,2.22,0.53,1
69.6,23.37,22.83,-273.15,2.23,0.58,0
69.7,23.37,22.83,-52.78,2.26,0.66,0
69.8,22.56,23.10,-52.78,2.29,0.66,0
69.9,25.20,21.72,-30.98,2.30,0.75,0
70.0,23.37,22.56,-273.15,2.31,0.75,0
70.1,23.37,22.83,-52.78,2.32,0.83,0
70.2,24.43,22.56,-273.15,2.31,0.79,0
70.2,23.91,23.37,-273.15,2.30,0.79,0
70.3,23.91,23.64,-273.15,2.29,0.87,0
70.4,24.17,23.10,-273.15,2.30,0.87,0
70.5,23.91,23.64,-273.15,2.32,0.83,0
70.6,24.69,23.37,-273.15,2.33,0.87,0
70.7,24.43,23.37,-273.15,2.35,0.87,0
70.8,24.17,24.69,-273.15,2.35,0.87,0
70.9,23.91,23.37,-273.15,2.37,0.83,0
71.0,24.43,23.64,-273.15,2.38,0.87,0
71.1,24.43,23.64,-273.15,2.38,0.87,0
71.2,24.69,24.17,-52.78,2.41,0.87,0
71.3,24.95,24.69,-273.15,2.41,0.87,0
71.4,25.20,24.17,-273.15,2.42,0.91,0
71.4,25.20,24.43,-52.78,2.42,0.91,0
71.5,24.95,23.91,-273.15,2.44,0.87,0
71.6,25.20,24.17,-38.36,2.47,0.87,0
71.7,25.71,23.64,-52.78,2.48,0.91,0
71.8,24.43,24.43,-52.78,2.49,0.87,0
71.9,25.96,24.43,-273.15,2.49,0.91,0
72.0,25.71,24.43,-273.15,2.49,0.91,0
72.1,24.17,24.69,-52.78,2.49,0.91,0
72.2,25.96,24.95,-273.15,2.49,0.91,0
72.3,26.20,25.20,-273.15,2.48,0.91,0
72.4,25.71,24.95,-273.15,2.47,0.91,0
72.5,26.45,24.95,-273.15,2.47,0.91,0
72.5,26.94,25.20,-52.78,2.45,0.87,0
72.6,27.89,25.20,-273.15,2.46,0.87,0
72.7,26.70,25.20,-273.15,2.48,0.91,0
72.8,26.70,25.71,-273.15,2.47,0.87,0
72.9,26.94,24.69,-273.15,2.47,0.91,0
73.0,27.18,25.46,-273.15,2.46,0.87,0
73.1,27.66,25.20,-273.15,2.45,0.87,0
73.2,27.42,25.71,-28.23,2.43,0.91,0
73.3,27.66,25.71,-273.15,2.44,0.87,0
73.4,27.66,25.71,-43.90,2.44,0.87,0
73.5,27.89,27.42,-273.15,2.43,0.87,0
73.6,27.89,26.20,-273.15,2.44,0.87,0
73.7,28.36,26.45,-273.15,2.45,0.87,0
73.7,28.59,26.20,-273.15,2.46,0.83,0
73.8,28.59,26.20,-273.15,2.44,0.87,0
73.9,28.59,26.70,-52.78,2.40,0.87,0
74.0,29.05,26.70,-52.78,2.41,0.83,0
74.1,28.82,26.70,-273.15,2.47,0.83,0
74.2,29.05,27.18,-273.15,2.53,0.87,0
74.3,29.28,26.94,-273.15,2.58,0.83,0
74.4,29.73,27.18,-273.15,2.60,0.83,0
74.5,29.73,27.18,-52.78,2.61,0.87,0
74.6,29.73,27.18,-273.15,2.64,0.83,0
74.7,30.18,27.66,-273.15,2.61,0.83,0
74.8,30.18,27.18,-273.15,2.59,0.87,0
74.9,30.18,27.89,-273.15,2.59,0.83,0
74.9,29.95,27.89,-52.78,2.58,0.83,0
75.0,30.62,27.66,-273.15,2.55,0.83,0
75.1,30.84,28.13,-273.15,2.51,0.83,0
75.2,30.18,28.36,-273.15,2.50,0.83,0
75.3,31.05,28.13,-273.15,2.53,0.87,0
75.4,31.70,29.28,-52.78,2.57,0.87,0
75.5,32.12,28.82,-273.15,2.54,0.83,0
75.6,30.84,28.59,-273.15,2.50,0.83,0
75.7,32.12,28.82,-273.15,2.48,0.83,0
75.8,32.12,29.28,-273.15,2.55,0.79,0
75.9,32.54,29.28,-273.15,2.59,0.87,0
76.0,32.12,29.28,-273.15,2.58,0.83,0
76.0,32.75,29.05,-273.15,2.57,0.83,0
76.1,33.57,29.51,-273.15,2.57,0.87,0
76.2,34.17,29.51,-273.15,2.57,0.83,0
76.3,34.37,29.95,-52.78,2.55,0.87,0
76.4,35.16,29.95,-52.78,2.55,0.83,0
76.5,33.77,30.18,-273.15,2.55,0.83,0
76.6,33.97,30.18,-273.15,2.53,0.87,0
76.7,34.57,30.40,-273.15,2.53,0.87,0
76.8,34.77,30.62,-273.15,2.53,0.87,0
76.9,34.77,30.84,-273.15,2.55,0.83,0
77.0,35.55,30.62,-52.78,2.56,0.87,0
77.1,35.36,31.27,-273.15,2.59,0.83,0
77.2,35.75,31.27,-273.15,2.60,0.83,0
77.2,36.32,31.48,-273.15,2.61,0.79,0
77.3,36.13,32.33,-273.15,2.62,0.83,0
77.4,36.51,31.70,-273.15,2.61,0.87,0
77.5,35.94,31.91,-43.90,2.62,0.83,0
77.6,37.08,32.12,-273.15,2.62,0.83,0
77.7,37.26,31.48,-52.78,2.62,0.87,0
77.8,37.45,32.54,-34.26,2.62,0.87,0
77.9,37.82,32.95,-273.15,2.63,0.87,0
78.0,38.19,33.16,-273.15,2.65,0.87,0
78.1,38.55,33.36,-273.15,2.66,0.87,0
78.2,38.73,32.95,-273.15,2.67,0.83,0
78.3,38.91,33.16,-273.15,2.67,0.87,0
78.3,39.45,33.36,-273.15,2.67,0.87,0
78.4,39.98,32.95,-273.15,2.66,0.83,0
78.5,39.98,33.77,-273.15,2.66,0.87,0
78.6,40.15,33.57,-38.36,2.67,0.87,0
78.7,40.50,34.17,-273.15,2.68,0.87,0
78.8,39.98,34.37,-52.78,2.68,0.87,0
78.9,41.20,34.57,-273.15,2.67,0.91,0
79.0,41.54,34.77,-52.78,2.67,0.87,0
79.1,41.88,34.97,-273.15,2.66,0.91,0
79.2,42.22,35.16,-52.78,2.65,0.91,0
79.3,42.72,35.16,-273.15,2.66,0.91,0
79.4,42.88,35.55,-273.15,2.66,0.91,0
79.5,43.05,35.55,-52.78,2.65,0.91,0
79.5,42.88,35.75,-273.15,2.65,0.91,0
79.6,43.87,37.45,-273.15,2.65,0.87,0
79.7,44.20,35.94,-273.15,2.64,0.91,0
79.8,44.36,36.70,-273.15,2.65,0.91,0
79.9,45.16,36.70,-273.15,2.66,0.96,0
80.0,45.32,37.08,-273.15,2.66,0.91,0
80.1,44.68,37.26,-52.78,2.64,0.96,0
80.2,45.64,37.45,-273.15,2.64,0.91,0
80.3,46.27,37.63,-273.15,2.65,0.87,0
80.4,47.04,38.19,-52.78,2.66,0.96,0
80.5,47.35,38.19,-273.15,2.66,0.96,0
80.6,47.66,38.37,-273.15,2.66,0.91,0
80.7,47.96,38.73,-273.15,2.67,0.91,0
80.7,48.57,38.91,-273.15,2.68,0.91,0
80.8,48.72,39.09,-52.78,2.66,0.91,0
80.9,49.17,39.98,-273.15,2.65,0.96,0
81.0,49.62,39.63,-273.15,2.67,0.91,0
81.1,49.91,39.80,-273.15,2.69,0.91,0
81.2,50.35,39.98,-273.15,2.67,0.96,0
81.3,50.79,40.50,-273.15,2.63,0.91,0
81.4,50.94,40.33,-273.15,2.60,0.91,0
81.5,51.52,40.68,-273.15,2.57,0.91,0
81.6,51.66,41.20,-273.15,2.55,0.96,0
81.7,52.24,41.54,-273.15,2.54,0.96,0
81.8,52.81,41.88,-273.15,2.54,0.96,0
81.8,52.95,42.05,-273.15,2.53,0.87,0
81.9,53.52,42.38,-273.15,2.52,0.91,0
82.0,53.80,42.55,-273.15,2.52,0.91,0
82.1,54.22,42.72,-273.15,2.53,0.91,0
82.2,54.63,43.05,-34.26,2.52,0.91,0
82.3,55.05,43.38,-273.15,2.50,0.91,0
82.4,56.15,43.22,-43.90,2.49,0.91,0
82.5,55.74,43.54,-43.90,2.48,0.96,0
82.6,56.28,44.20,-273.15,2.49,0.96,0
82.7,56.56,44.52,-273.15,2.49,0.91,0
82.8,56.96,44.84,-273.15,2.49,0.91,0
82.9,57.23,45.16,-273.15,2.51,0.96,0
83.0,58.58,45.32,-52.78,2.50,0.91,0
83.0,58.31,45.64,-273.15,2.49,0.87,0
83.1,58.71,45.64,-273.15,2.49,0.96,0
83.2,58.84,46.27,-52.78,2.49,0.91,0
83.3,59.24,46.58,-273.15,2.49,0.91,0
83.4,59.50,46.73,-273.15,2.49,0.91,0
83.5,59.50,47.04,-43.90,2.49,0.91,0
83.6,60.43,47.20,-43.90,2.49,0.91,0
83.7,60.82,46.89,-273.15,2.49,0.91,0
83.8,61.86,47.35,-273.15,2.48,0.96,0
83.9,61.47,48.12,-273.15,2.47,0.96,0
84.0,61.86,48.72,-273.15,2.47,0.96,0
84.1,61.99,48.72,-52.78,2.46,0.96,0
84.1,62.64,48.42,-273.15,2.45,0.91,0
84.2,62.89,49.32,-52.78,2.45,0.91,0
84.3,63.28,49.47,-30.98,2.45,0.91,0
84.4,63.66,49.77,-52.78,2.46,0.96,0
84.5,64.05,50.21,-273.15,2.46,0.96,0
84.6,64.43,50.50,-273.15,2.45,0.96,0
84.7,64.56,50.50,-30.98,2.46,0.91,0
84.8,64.94,50.94,-273.15,2.46,0.91,0
84.9,65.32,51.81,-52.78,2.46,0.91,0
85.0,65.70,51.52,-273.15,2.46,0.91,0
85.1,66.08,51.95,-273.15,2.45,0.91,0
85.2,66.46,52.24,-273.15,2.46,0.91,0
85.3,66.84,52.38,-273.15,2.47,0.96,0
85.3,67.21,52.67,-52.78,2.51,0.96,0
85.4,67.46,53.23,-273.15,2.50,0.96,0
85.5,67.72,53.09,-273.15,2.43,0.91,0
85.6,68.09,53.52,-273.15,2.40,0.91,0
85.7,68.47,54.08,-273.15,2.42,0.96,0
85.8,68.72,54.08,-273.15,2.43,0.96,0
85.9,69.09,54.36,-52.78,2.42,0.96,0
86.0,69.22,54.63,-38.36,2.42,0.96,0
86.1,69.59,54.91,-52.78,2.43,0.96,0
86.2,70.09,54.91,-273.15,2.43,0.91,0
86.3,70.34,55.33,-273.15,2.42,0.91,0
86.4,70.71,55.87,-273.15,2.41,0.91,0
86.4,70.96,55.87,-273.15,2.41,0.91,0
86.5,71.33,56.15,-273.15,2.41,0.96,0
86.6,71.70,56.42,-273.15,2.41,0.91,0
86.7,72.08,56.69,-273.15,2.40,0.96,0
86.8,72.32,56.96,-52.78,2.39,0.96,0
86.9,72.57,57.37,-273.15,2.38,0.96,0
87.0,73.69,57.64,-273.15,2.38,0.91,0
87.1,73.19,57.77,-273.15,2.38,0.91,0
87.2,72.94,58.04,-52.78,2.39,0.96,0
87.3,73.81,58.31,-273.15,2.38,0.96,0
87.4,74.06,58.44,-273.15,2.39,0.91,0
87.5,74.43,58.71,-273.15,2.39,0.96,0
87.6,74.68,59.11,-273.15,2.39,0.96,0
87.6,74.92,59.24,-273.15,2.39,0.91,0
87.7,76.04,59.50,-273.15,2.39,0.91,0
87.8,75.67,59.64,-273.15,2.40,0.91,0
87.9,75.91,60.03,-273.15,2.40,0.91,0
88.0,76.16,60.16,-273.15,2.40,0.91,0
88.1,76.53,60.56,-273.15,2.40,0.91,0
88.2,76.78,60.69,-38.36,2.41,0.96,0
88.3,77.03,60.95,-52.78,2.42,0.96,0
88.4,77.28,61.08,-273.15,2.42,0.91,0
88.5,77.65,61.21,-273.15,2.42,0.91,0
88.6,77.90,61.47,-273.15,2.43,0.91,0
88.7,78.14,62.12,-273.15,2.42,0.91,0
88.8,78.39,62.12,-273.15,2.42,0.91,0
88.8,78.76,62.25,-273.15,2.43,0.96,0
88.9,79.01,62.51,-273.15,2.43,0.96,0
89.0,79.26,62.76,-273.15,2.42,0.96,0
89.1,79.63,62.89,-273.15,2.42,0.91,0
89.2,79.88,63.28,-273.15,2.43,0.96,0
89.3,80.13,63.41,-273.15,2.43,0.91,0
89.4,80.51,63.53,-52.78,2.42,0.91,0
89.5,80.76,63.53,-273.15,2.43,0.96,0
89.6,81.13,64.17,-273.15,2.46,0.96,0
89.7,80.63,64.17,-43.90,2.47,0.96,0
89.8,81.63,64.30,-273.15,2.47,0.91,0
89.9,81.88,64.68,-273.15,2.49,0.91,0
90.0,82.13,65.45,-52.78,2.49,0.91,0
90.0,82.38,65.32,-52.78,2.50,0.96,0
90.1,82.76,65.32,-273.15,2.51,0.91,0
90.2,83.01,65.45,-273.15,2.52,0.91,0
90.3,83.26,65.70,-273.15,2.53,0.91,0
90.4,83.52,65.83,-273.15,2.56,0.91,0
90.5,83.77,66.08,-273.15,2.60,0.91,0
90.6,83.52,66.21,-273.15,2.62,0.96,0
90.7,84.27,66.46,-273.15,2.61,0.91,0
90.8,84.65,66.58,-273.15,2.63,0.91,0
90.9,84.91,66.96,-273.15,2.67,0.87,0
91.0,84.78,66.96,-273.15,2.70,1.00,0
91.1,84.78,67.21,-273.15,2.73,1.00,0
91.1,85.67,67.34,-52.78,2.74,0.91,0
91.2,85.93,67.59,-273.15,2.72,0.91,0
91.3,86.18,67.59,-273.15,2.70,0.91,0
91.4,86.44,67.59,-43.90,2.70,0.91,0
91.5,86.82,68.72,-52.78,2.74,0.91,0
91.6,86.95,68.22,-273.15,2.77,0.91,0
91.7,87.34,68.47,-273.15,2.75,0.96,0
91.8,87.47,68.72,-273.15,2.76,0.96,0
91.9,87.85,68.84,-273.15,2.76,0.96,0
92.0,88.11,69.09,-273.15,2.76,0.91,0
92.1,88.37,69.09,-273.15,2.75,0.91,0
92.2,88.50,69.59,-273.15,2.75,0.91,0
92.3,88.89,69.59,-273.15,2.76,0.96,0
92.3,89.15,69.59,-273.15,2.76,0.91,0
92.4,89.54,69.84,-273.15,2.75,0.96,0
92.5,89.54,69.96,-52.78,2.76,0.96,0
92.6,89.93,70.21,-52.78,2.76,0.91,0
92.7,90.06,70.46,-52.78,2.75,0.91,0
92.8,90.33,70.34,-52.78,2.75,0.91,0
92.9,90.59,70.59,-273.15,2.75,0.96,0
93.0,90.85,70.96,-30.98,2.75,0.91,0
93.1,91.12,70.96,-273.15,2.74,0.91,0
93.2,91.51,71.21,-273.15,2.74,0.96,0
93.3,91.64,71.21,-273.15,2.75,0.91,0
93.4,91.91,71.46,-273.15,2.78,0.91,0
93.4,92.18,71.70,-38.36,2.78,0.96,0
93.5,92.44,71.70,-52.78,2.77,0.87,0
93.6,92.58,71.95,-52.78,2.76,0.91,0
93.7,92.84,72.08,-273.15,2.75,0.91,0
93.8,92.84,72.20,-273.15,2.74,0.91,0
93.9,92.71,72.32,-273.15,2.73,0.91,0
94.0,93.65,72.57,-273.15,2.73,0.91,0
94.1,93.92,72.45,-52.78,2.73,0.96,0
94.2,94.06,72.70,-38.36,2.75,0.91,0
94.3,94.33,72.82,-273.15,2.75,0.91,0
94.4,94.60,73.07,-273.15,2.75,1.00,0
94.5,94.87,73.19,-273.15,2.74,0.91,0
94.6,95.01,73.32,-52.78,2.75,0.91,0
94.6,95.14,73.32,-273.15,2.77,0.96,0
94.7,95.56,73.44,-273.15,2.78,0.91,0
94.8,95.69,73.69,-34.26,2.82,0.96,0
94.9,95.83,73.81,-273.15,2.86,0.96,0
95.0,96.11,73.81,-52.78,2.86,0.91,0
95.1,96.24,74.06,-52.78,2.84,0.91,0
95.2,96.52,74.18,-52.78,2.84,0.91,0
95.3,96.66,74.18,-273.15,2.83,0.91,0
95.4,97.08,74.43,-273.15,2.82,0.96,0
95.5,97.22,74.43,-52.78,2.83,0.96,0
95.6,97.36,74.31,-52.78,2.85,0.96,0
95.7,97.64,74.80,-273.15,2.85,0.91,0
95.7,97.78,74.92,-273.15,2.83,0.96,0
95.8,97.92,75.05,-273.15,2.81,0.91,0
95.9,98.20,75.42,-52.78,2.81,0.87,0
96.0,98.90,75.42,-273.15,2.81,0.96,0
96.1,98.62,75.42,-273.15,2.81,0.91,0
96.2,98.76,75.42,-52.78,2.83,0.91,0
96.3,98.90,75.67,-273.15,2.84,0.91,0
96.4,99.19,75.79,-38.36,2.80,0.91,0
96.5,99.33,75.79,-273.15,2.79,0.91,0
96.6,99.47,76.04,-52.78,2.79,0.91,0
96.7,99.76,76.04,-273.15,2.77,0.87,0
96.8,99.90,76.53,-273.15,2.77,0.91,0
96.9,100.19,76.29,-273.15,2.76,0.91,0
96.9,100.34,76.29,-273.15,2.75,0.96,0
97.0,100.34,76.41,-38.36,2.74,0.87,0
97.1,100.62,76.41,-273.15,2.75,0.91,0
97.2,100.77,76.66,-273.15,2.76,0.91,0
97.3,100.91,76.78,-273.15,2.76,0.91,0
97.4,101.06,76.90,-273.15,2.77,0.91,0
97.5,101.20,77.03,-30.98,2.79,0.91,0
97.6,101.50,77.03,-273.15,2.80,0.91,0
97.7,102.38,77.03,-273.15,2.82,0.91,0
97.8,101.79,77.15,-273.15,2.83,0.96,0
97.9,101.94,77.65,-273.15,2.83,0.91,0
98.0,102.08,77.52,-43.90,2.83,0.91,0
98.0,102.23,77.40,-273.15,2.83,0.96,0
98.1,102.23,77.77,-273.15,2.83,0.96,0
98.2,102.53,77.65,-273.15,2.83,0.87,0
98.3,102.97,77.77,-273.15,2.84,0.91,0
98.4,103.57,77.77,-273.15,2.85,0.91,0
98.5,103.12,77.90,-273.15,2.83,0.91,0
98.6,103.12,77.90,-52.78,2.81,0.91,0
98.7,103.27,78.02,-273.15,2.80,0.96,0
98.8,103.42,78.14,-273.15,2.80,0.91,0
98.9,103.57,78.39,-273.15,2.81,0.91,0
99.0,103.72,78.39,-273.15,2.83,0.96,0
99.1,103.87,78.39,-273.15,2.85,0.91,0
99.2,104.02,78.52,-273.15,2.84,0.91,0
99.2,104.17,78.64,-273.15,2.83,0.91,0
99.4,104.32,78.76,-52.78,2.81,0.91,0
99.5,104.47,78.64,-273.15,2.81,0.91,0
99.6,104.62,78.89,-52.78,2.81,0.96,0
99.7,104.93,79.01,-273.15,2.82,0.96,0
99.8,104.93,79.01,-28.23,2.82,0.96,0
99.9,104.77,79.01,-273.15,2.82,0.91,0
100.0,105.23,79.14,-30.98,2.82,0.87,0
100.0,105.39,79.14,-273.15,2.83,0.91,0
100.1,105.54,79.39,-273.15,2.84,0.96,0
100.2,105.54,79.51,-52.78,2.83,0.96,0
100.3,105.69,79.39,-273.15,2.82,0.91,0
100.4,105.85,79.51,-273.15,2.83,0.96,0
100.5,106.00,79.51,-273.15,2.85,0.96,0
100.6,105.39,79.63,-273.15,2.85,0.91,0
100.7,106.16,79.63,-273.15,2.86,0.87,0
100.7,106.31,80.01,-273.15,2.88,0.87,0
100.8,106.47,79.88,-273.15,2.88,0.87,0
100.9,107.25,80.01,-52.78,2.88,0.91,0
101.0,106.62,80.01,-52.78,2.90,0.96,0
101.1,106.78,79.88,-273.15,2.91,0.91,0
101.2,106.78,80.13,-273.15,2.91,0.96,0
101.3,106.93,80.13,-52.78,2.91,0.91,0
101.4,107.88,80.26,-273.15,2.94,0.91,0
101.5,107.25,80.26,-273.15,2.93,0.91,0
101.5,107.25,80.38,-273.15,2.17,0.91,0
101.6,107.40,80.38,-273.15,-0.29,0.91,0
101.7,107.56,80.51,-273.15,-1.15,0.87,0
101.8,107.56,80.51,-273.15,-1.17,0.91,0
101.9,107.56,80.26,-43.90,-1.17,0.91,0
102.0,107.72,80.63,-273.15,-1.16,0.91,0
102.1,107.88,80.76,-38.36,-1.17,0.87,0
102.2,107.88,80.76,-273.15,-1.16,0.91,0
102.3,108.04,80.88,-273.15,-1.15,0.91,0
102.4,108.04,80.63,-43.90,-1.15,0.96,0
102.5,108.04,80.76,-273.15,-1.15,0.87,0
102.6,108.19,81.01,-52.78,-1.16,0.91,0
102.7,108.35,81.01,-273.15,-1.15,0.96,0
102.7,108.35,81.13,-273.15,-1.15,0.91,0
102.8,108.35,80.76,-34.26,-1.15,0.91,0
102.9,108.51,81.13,-273.15,-1.14,0.91,0
103.0,108.51,81.38,-273.15,-1.14,0.91,0
103.1,108.51,81.38,-52.78,-1.15,0.91,0
103.2,108.67,81.01,-273.15,-1.15,0.91,0
103.3,108.67,81.51,-273.15,-1.15,0.91,0
103.4,108.83,81.51,-273.15,-1.15,0.91,0
103.5,109.16,81.51,-52.78,-1.16,0.91,0
103.6,108.83,81.51,-273.15,-1.15,0.91,0
103.7,108.99,81.63,-273.15,-1.15,0.91,0
103.8,108.67,81.63,-43.90,-1.16,0.96,0
103.8,108.99,81.76,-273.15,-1.16,0.91,0
103.9,109.16,82.26,-273.15,-1.17,0.96,0
104.0,109.32,82.01,-273.15,-1.18,0.91,0
104.1,109.32,82.01,-273.15,-1.18,0.91,0
104.2,109.80,82.01,-273.15,-1.18,0.96,0
104.3,109.48,82.01,-273.15,-1.20,0.91,0
104.4,109.48,82.13,-273.15,-1.20,0.91,0
104.5,109.48,82.13,-43.90,-1.21,0.91,0
104.6,109.32,82.26,-273.15,-1.22,0.91,0
104.7,109.64,82.26,-273.15,-1.23,0.87,0
104.8,109.80,82.01,-273.15,-1.23,0.87,0
104.9,109.80,82.38,-273.15,-1.25,0.91,0
105.0,109.80,82.38,-273.15,-1.25,0.91,0
105.0,109.97,82.38,-273.15,-1.26,0.91,0
105.1,109.97,82.38,-273.15,-1.27,0.91,0
105.2,110.13,82.51,-52.78,-1.28,0.91,0
105.3,110.46,82.64,-273.15,-1.29,0.96,0
105.4,110.13,82.64,-52.78,-1.29,0.91,0
105.5,110.13,82.76,-273.15,-1.30,0.91,0
105.6,110.29,82.76,-273.15,-1.30,0.96,0
105.7,110.29,82.76,-273.15,-1.30,0.91,0
105.8,110.29,83.39,-273.15,-1.31,0.91,0
105.9,110.46,82.89,-273.15,-1.32,0.87,0
106.0,110.46,83.01,-273.15,-1.33,0.91,0
106.1,110.62,83.01,-273.15,-1.34,0.96,0
106.2,110.62,83.52,-273.15,-1.34,0.91,0
106.2,110.62,82.64,-273.15,-1.34,0.91,0
106.3,110.62,83.64,-273.15,-1.35,0.91,0
106.4,110.79,83.26,-273.15,-1.36,0.96,0
106.5,110.79,83.26,-273.15,-1.37,0.91,0
106.6,110.95,83.39,-273.15,-1.37,0.91,0
106.7,110.95,83.39,-52.78,-1.38,0.91,0
106.8,110.95,83.39,-273.15,-1.38,0.96,0
106.9,111.12,83.52,-52.78,-1.38,0.91,0
107.0,111.28,83.52,-273.15,-1.39,0.91,0
107.1,111.12,83.64,-273.15,-1.41,0.87,0
107.2,111.28,83.64,-273.15,-1.42,0.91,0
107.3,111.28,83.64,-52.78,-1.41,0.91,0
107.3,111.28,83.77,-273.15,-1.42,0.91,0
107.4,111.28,83.77,-273.15,-1.42,0.96,0
107.5,111.45,83.64,-273.15,-1.42,0.96,0
107.6,111.45,83.90,-273.15,-1.43,0.91,0
107.7,111.95,83.90,-273.15,-1.43,0.87,0
107.8,111.61,83.90,-273.15,-1.43,0.96,0
107.9,111.78,84.02,-43.90,-1.44,0.91,0
108.0,111.78,84.02,-273.15,-1.44,0.91,0
108.1,111.78,84.02,-52.78,-1.44,0.91,0
108.2,111.78,84.15,-273.15,-1.44,0.91,0
108.3,111.95,84.15,-52.78,-1.44,0.96,0
108.4,111.95,84.27,-273.15,-1.44,0.91,0
108.5,112.12,84.27,-273.15,-1.44,0.87,0
108.5,111.95,84.15,-52.78,-1.43,0.91,0
108.6,112.12,84.40,-273.15,-1.43,0.87,0
108.7,112.12,84.40,-52.78,-1.43,0.91,0
108.8,112.29,84.40,-43.90,-1.43,0.91,0
108.9,112.29,84.53,-273.15,-1.43,0.91,0
109.0,112.29,84.65,-273.15,-1.43,0.91,0
109.1,112.62,84.53,-273.15,-1.43,0.91,0
109.2,112.45,84.53,-273.15,-1.43,0.91,0
109.3,112.29,84.65,-273.15,-1.43,0.91,0
109.4,112.62,84.78,-273.15,-1.43,0.87,0
109.5,112.79,84.78,-273.15,-1.42,0.91,0
109.6,112.45,84.78,-52.78,-1.43,0.87,0
109.6,112.79,84.40,-273.15,-1.43,0.91,0
109.7,112.79,84.91,-273.15,-1.42,0.91,0
109.8,112.96,84.91,-43.90,-1.42,0.96,0
109.9,112.96,84.91,-273.15,-1.42,0.91,0
110.0,113.13,85.04,-273.15,-1.41,0.91,0
110.1,113.13,85.04,-273.15,-1.41,0.91,0
110.2,113.13,85.04,-52.78,-1.41,0.87,0
110.3,113.13,85.16,-34.26,-1.41,0.87,0
110.4,113.30,84.91,-52.78,-1.41,0.91,0
110.5,113.30,85.42,-273.15,-1.41,0.91,0
110.6,113.30,85.29,-52.78,-1.40,0.91,0
110.7,113.48,85.29,-52.78,-1.39,0.91,0
110.8,113.48,85.42,-43.90,-1.39,0.91,0
110.8,113.48,85.42,-273.15,-1.38,0.91,0
110.9,113.48,85.42,-273.15,-1.37,0.91,0
111.0,113.65,85.42,-273.15,-1.37,0.91,0
111.1,113.82,85.54,-38.36,-1.37,0.91,0
111.2,113.65,85.54,-273.15,-1.36,0.91,0
111.3,113.82,85.67,-273.15,-1.36,0.91,0
111.4,113.82,85.67,-273.15,-1.35,0.91,0
111.5,113.82,85.67,-273.15,-1.36,0.91,0
111.6,113.99,85.67,-273.15,-1.35,0.91,0
111.7,113.99,85.67,-273.15,-1.34,0.96,0
111.8,113.99,85.80,-273.15,-1.34,0.91,0
111.9,114.16,85.93,-273.15,-1.34,0.96,0
112.0,114.16,85.93,-52.78,-1.34,0.87,0
112.0,114.16,85.93,-273.15,-1.34,0.96,0
112.1,114.34,85.93,-273.15,-1.33,0.91,0
112.2,114.34,85.93,-273.15,-1.32,0.91,0
112.3,114.34,85.29,-273.15,-1.32,0.87,0
112.4,114.51,86.05,-52.78,-1.33,0.91,0
112.5,114.16,86.18,-273.15,-1.33,0.91,0
112.6,114.51,86.31,-38.36,-1.33,0.91,0
112.7,114.51,86.18,-273.15,-1.32,0.91,0
112.8,114.69,86.31,-52.78,-1.33,0.96,0
112.9,114.69,86.31,-273.15,-1.33,0.91,0
113.0,114.69,86.31,-273.15,-1.33,0.91,0
113.1,114.86,86.44,-273.15,-1.32,0.91,0
113.1,114.86,86.44,-273.15,-1.32,0.91,0
113.2,114.86,86.44,-273.15,-1.33,0.91,0
113.3,115.04,86.57,-273.15,-1.33,0.91,0
113.4,114.86,86.57,-273.15,-1.33,0.87,0
113.5,115.04,86.57,-273.15,-1.33,0.87,0
113.6,115.04,86.57,-273.15,-1.33,0.91,0
113.7,115.04,86.69,-273.15,-1.33,0.87,0
113.8,115.21,86.69,-38.36,-1.33,0.87,0
113.9,115.21,86.69,-273.15,-1.33,0.91,0
114.0,115.21,86.82,-38.36,-1.32,0.91,0
114.1,115.04,86.69,-273.15,-1.32,0.91,0
114.2,115.21,86.82,-273.15,-1.32,0.91,0
114.3,115.39,86.82,-273.15,-1.31,0.96,0
114.3,115.39,86.95,-273.15,-1.32,0.87,0
114.4,115.39,86.69,-273.15,-1.31,0.91,0
114.5,115.57,87.08,-273.15,-1.32,0.91,0
114.6,115.57,86.95,-273.15,-1.32,0.91,0
114.7,115.57,87.08,-38.36,-1.32,0.91,0
114.8,115.57,87.08,-52.78,-1.33,0.91,0
114.9,115.57,87.21,-273.15,-1.33,0.91,0
115.0,115.74,87.21,-273.15,-1.34,0.91,0
115.1,115.74,87.08,-273.15,-1.34,0.87,0
115.2,115.74,87.34,-273.15,-1.35,0.91,0
115.3,115.74,87.21,-52.78,-1.35,0.91,0
115.4,115.74,87.47,-273.15,-1.36,0.91,0
115.4,115.92,87.34,-34.26,-1.37,0.91,0
115.5,115.92,87.34,-273.15,-1.37,0.96,0
115.6,115.92,87.34,-38.36,-1.38,0.96,0
115.7,115.92,87.47,-273.15,-1.39,0.91,0
115.8,115.92,87.47,-273.15,-1.39,0.91,0
115.9,116.10,87.59,-273.15,-1.39,0.91,0
116.0,116.10,87.59,-273.15,-1.40,0.91,0
116.1,116.10,87.59,-28.23,-1.41,0.91,0
116.2,116.28,87.59,-273.15,-1.41,0.96,0
116.3,116.28,87.59,-273.15,-1.42,0.91,0
116.4,116.28,87.59,-273.15,-1.42,0.87,0
116.5,116.10,87.72,-273.15,-1.42,0.91,0
116.6,116.10,87.72,-273.15,-1.43,0.91,0
116.6,116.28,88.24,-273.15,-1.44,0.91,0
116.7,116.28,87.85,-273.15,-1.44,0.91,0
116.8,116.46,87.85,-273.15,-1.44,0.91,0
116.9,116.46,87.85,-273.15,-1.44,0.91,0
117.0,116.46,87.98,-273.15,-1.45,0.91,0
117.1,116.64,87.85,-273.15,-1.45,0.91,0
117.2,116.64,88.11,-273.15,-1.45,0.87,0
117.3,116.64,87.98,-273.15,-1.47,0.91,0
117.4,116.64,88.11,-273.15,-1.47,0.91,0
117.5,116.64,88.11,-273.15,-1.47,0.91,0
117.6,116.82,88.11,-273.15,-1.47,0.91,0
117.7,116.82,88.24,-52.78,-1.47,0.87,0
117.7,116.82,88.24,-273.15,-1.48,0.96,0
117.8,116.82,88.24,-273.15,-1.48,0.87,0
117.9,117.00,88.24,-273.15,-1.48,0.91,0
118.0,117.00,88.24,-52.78,-1.48,0.91,0
118.1,117.00,88.37,-52.78,-1.48,0.91,0
118.2,117.00,88.37,-273.15,-1.48,0.91,0
118.3,117.18,88.50,-52.78,-1.49,0.96,0
118.4,117.18,88.50,-273.15,-1.49,0.87,0
118.5,117.18,88.37,-52.78,-1.49,0.91,0
118.6,117.18,88.50,-34.26,-1.49,0.87,0
118.7,117.18,88.50,-273.15,-1.49,0.91,0
118.8,117.36,88.63,-273.15,-1.49,0.87,0
118.9,117.73,88.63,-273.15,-1.49,0.91,0
118.9,117.36,88.63,-52.78,-1.50,0.87,0
119.0,117.73,88.63,-273.15,-1.50,0.87,0
119.1,117.54,89.02,-52.78,-1.51,0.91,0
119.2,117.54,88.63,-52.78,-1.52,0.96,0
119.3,117.73,88.76,-273.15,-1.52,0.91,0
119.4,117.73,89.02,-273.15,-1.53,0.96,0
119.5,117.73,88.76,-273.15,-1.53,0.91,0
119.6,117.73,88.76,-52.78,-1.54,0.91,0
119.7,117.91,88.89,-273.15,-1.54,0.91,0
119.8,117.91,88.89,-34.26,-1.55,0.87,0
119.9,117.91,89.02,-52.78,-1.55,0.91,0
120.0,117.91,88.89,-52.78,-1.56,0.91,0
120.1,118.09,89.02,-273.15,-1.56,0.91,0
120.1,118.09,89.02,-273.15,-1.57,0.91,0
120.2,118.09,89.02,-273.15,-1.57,0.91,0
120.3,118.09,89.15,-273.15,-1.58,0.91,0
120.4,118.28,89.02,-273.15,-1.58,0.87,0
120.5,118.09,89.15,-30.98,-1.59,0.91,0
120.6,118.28,89.15,-273.15,-1.59,0.87,0
120.7,118.28,89.28,-52.78,-1.60,0.91,0
120.8,118.46,89.15,-273.15,-1.60,0.91,0
120.9,118.65,89.28,-52.78,-1.60,0.91,0
121.0,118.46,89.54,-52.78,-1.60,0.91,0
121.1,118.46,88.89,-273.15,-1.60,0.91,0
121.2,118.46,89.41,-273.15,-1.60,0.87,0
121.2,118.65,89.41,-34.26,-1.60,0.91,0
121.3,118.65,89.41,-273.15,-1.60,0.91,0
121.4,118.65,89.41,-52.78,-1.59,0.96,0
121.5,118.65,89.41,-273.15,-1.60,0.87,0
121.6,118.84,89.54,-273.15,-1.61,0.87,0
121.7,118.84,89.54,-273.15,-1.61,0.91,0
121.8,118.65,89.54,-52.78,-1.61,0.91,0
121.9,118.84,89.54,-52.78,-1.60,0.91,0
122.0,118.84,89.54,-273.15,-1.61,0.91,0
122.1,118.84,89.67,-273.15,-1.61,0.91,0
122.2,118.84,89.67,-273.15,-1.61,0.87,0
122.3,119.02,89.67,-273.15,-1.62,0.91,0
122.4,119.02,89.80,-273.15,-1.61,0.96,0
122.4,119.21,89.80,-52.78,-1.61,0.91,0
122.5,119.02,89.80,-273.15,-1.62,0.91,0
122.6,119.21,89.93,-273.15,-1.62,0.91,0
122.7,119.21,89.80,-273.15,-1.61,0.91,0
122.8,119.21,89.80,-52.78,-1.61,0.96,0
122.9,119.21,89.80,-273.15,-1.62,0.91,0
123.0,119.40,89.93,-273.15,-1.62,0.91,0
123.1,119.21,89.93,-273.15,-1.62,0.91,0
123.2,119.40,90.46,-273.15,-1.62,0.87,0
123.3,119.40,89.93,-273.15,-1.62,0.91,0
123.4,119.59,89.54,-34.26,-1.62,0.87,0
123.5,119.59,90.06,-52.78,-1.62,0.87,0
123.5,119.59,90.06,-273.15,-1.63,0.91,0
123.6,119.59,90.06,-43.90,-1.63,0.91,0
123.7,119.59,90.19,-273.15,-1.63,0.87,0
123.8,119.77,90.06,-34.26,-1.62,0.87,0
123.9,119.77,90.19,-273.15,-1.63,0.87,0
124.0,119.77,90.19,-273.15,-1.63,0.91,0
124.1,119.96,90.33,-273.15,-1.63,0.91,0
124.2,119.96,90.33,-38.36,-1.62,0.83,0
124.3,119.96,90.19,-43.90,-1.62,0.96,0
124.4,119.96,90.33,-273.15,-1.61,0.91,0
124.5,120.15,90.19,-273.15,-1.60,0.91,0
124.6,119.77,90.46,-273.15,-1.60,0.91,0
124.7,120.15,90.46,-273.15,-1.60,0.87,0
124.7,120.15,90.46,-273.15,-1.60,0.87,0
124.8,120.15,90.46,-273.15,-1.59,0.91,0
124.9,120.35,90.59,-52.78,-1.58,0.91,0
125.0,120.15,90.33,-38.36,-1.58,0.87,0
125.1,120.35,90.59,-273.15,-1.57,0.91,0
125.2,120.35,90.59,-273.15,-1.57,0.87,0
125.3,120.54,90.59,-52.78,-1.56,0.91,0
125.4,120.35,90.59,-273.15,-1.55,0.91,0
125.5,120.54,90.59,-273.15,-1.55,0.87,0
125.6,120.54,90.72,-52.78,-1.54,0.87,0
125.7,120.54,90.72,-273.15,-1.54,0.91,0
125.8,120.54,90.72,-273.15,-1.53,0.91,0
125.8,120.73,90.72,-273.15,-1.53,0.87,0
125.9,120.73,90.85,-273.15,-1.53,0.91,0
126.0,120.54,90.85,-52.78,-1.52,0.91,0
126.1,120.73,90.85,-273.15,-1.53,0.96,0
126.2,120.73,91.25,-273.15,-1.52,0.87,0
126.3,120.92,90.85,-52.78,-1.52,0.87,0
126.4,120.73,90.85,-273.15,-1.52,0.87,0
126.5,120.92,90.98,-273.15,-1.51,0.91,0
126.6,120.92,90.98,-273.15,-1.51,0.91,0
126.7,120.92,90.98,-273.15,-1.50,0.91,0
126.8,120.92,90.59,-273.15,-1.50,0.87,0
126.9,120.92,90.98,-273.15,-1.49,0.91,0
127.0,121.11,91.12,-273.15,-1.49,0.87,0
127.0,121.11,90.98,-52.78,-1.49,0.91,0
127.1,121.11,91.12,-273.15,-1.48,0.87,0
127.2,121.11,90.98,-273.15,-1.48,0.91,0
127.3,121.31,91.12,-273.15,-1.48,0.91,0
127.4,121.50,91.12,-273.15,-1.48,0.87,0
127.5,121.31,91.25,-273.15,-1.48,0.91,0
127.6,121.50,91.25,-273.15,-1.47,0.87,0
127.7,121.50,91.25,-273.15,-1.47,0.91,0
127.8,121.50,91.25,-273.15,-1.48,0.91,0
127.9,121.50,91.38,-34.26,-1.48,0.91,0
128.0,121.50,91.25,-273.15,-1.48,0.87,0
128.1,121.70,91.38,-273.15,-1.48,0.87,0
128.1,121.50,91.38,-273.15,-1.48,0.91,0
128.2,121.70,91.38,-273.15,-1.48,0.91,0
128.3,121.70,91.38,-273.15,-1.48,0.96,0
128.4,121.89,91.38,-273.15,-1.48,0.91,0
128.5,121.70,91.51,-273.15,-1.47,0.91,0
128.6,121.70,91.51,-273.15,-1.47,0.91,0
128.7,121.70,91.51,-273.15,-1.47,0.91,0
128.8,121.89,91.38,-273.15,-1.48,0.87,0
128.9,121.89,91.64,-52.78,-1.48,0.91,0
129.0,121.89,91.64,-273.15,-1.48,0.87,0
129.1,121.89,91.64,-273.15,-1.49,0.91,0
129.2,121.89,92.18,-273.15,-1.48,0.91,0
129.3,122.09,91.64,-273.15,-1.48,0.91,0
129.3,122.09,92.04,-52.78,-1.48,0.87,0
129.4,122.09,91.91,-273.15,-1.48,0.87,0
129.5,122.29,91.64,-52.78,-1.48,0.91,0
129.6,122.29,91.78,-273.15,-1.49,0.91,0
129.7,122.48,91.78,-273.15,-1.49,0.91,0
129.8,122.48,91.64,-273.15,-1.49,0.87,0
129.9,122.29,91.91,-273.15,-1.49,0.87,0
130.0,122.29,91.91,-43.90,-1.49,0.87,0
130.1,122.48,91.91,-273.15,-1.49,0.87,0
130.2,122.68,91.91,-273.15,-1.49,0.96,0
130.3,122.48,91.91,-43.90,-1.49,0.87,0
130.4,122.48,91.91,-273.15,-1.50,0.83,0
130.5,122.48,91.91,-273.15,-1.50,0.91,0
130.5,122.48,92.04,-273.15,-1.49,0.91,0
130.6,122.48,92.04,-273.15,-1.51,0.87,0
130.7,122.48,92.04,-273.15,-1.51,0.91,0
130.8,122.48,92.04,-273.15,-1.50,0.91,0
130.9,122.48,92.04,-273.15,-1.50,0.87,0
131.0,122.68,92.44,-273.15,-1.50,0.87,0
131.1,122.68,92.18,-273.15,-1.51,0.91,0
131.2,122.68,92.18,-273.15,-1.50,0.87,0
131.3,122.68,92.18,-273.15,-1.49,0.87,0
131.4,122.68,91.78,-273.15,-1.50,0.87,0
131.5,122.68,92.31,-43.90,-1.49,0.91,0
131.6,122.68,92.31,-273.15,-1.49,0.87,0
131.6,122.88,92.18,-43.90,-1.49,0.91,0
131.7,122.88,91.78,-273.15,-1.49,0.87,0
131.8,122.88,92.31,-273.15,-1.49,0.87,0
131.9,122.88,92.31,-273.15,-1.49,0.83,0
132.0,122.88,92.18,-30.98,-1.49,0.87,0
132.1,123.28,92.31,-273.15,-1.49,0.87,0
132.2,122.68,92.31,-34.26,-1.48,0.91,0
132.3,123.08,92.31,-273.15,-1.48,0.87,0
132.4,123.08,92.31,-273.15,-1.48,0.91,0
132.5,123.08,92.44,-273.15,-1.48,0.87,0
132.6,123.08,92.44,-273.15,-1.47,0.87,0
132.7,123.08,92.44,-273.15,-1.46,0.87,0
132.8,123.28,92.44,-52.78,-1.46,0.87,0
132.8,123.08,92.44,-273.15,-1.46,0.87,0
132.9,123.08,92.58,-273.15,-1.45,0.87,0
133.0,123.08,92.58,-273.15,-1.45,0.91,0
133.1,123.08,92.58,-52.78,-1.45,0.91,0
133.2,123.28,92.58,-273.15,-1.44,0.87,0
133.3,123.28,92.58,-273.15,-1.43,0.87,0
133.4,123.28,92.71,-273.15,-1.43,0.87,0
133.5,123.28,92.58,-273.15,-1.43,0.91,0
133.6,123.28,92.58,-273.15,-1.43,0.91,0
133.7,123.28,92.71,-52.78,-1.43,0.91,0
133.8,123.28,92.71,-273.15,-1.43,0.87,0
133.9,123.48,92.71,-273.15,-1.42,0.91,0
134.0,123.28,92.71,-273.15,-1.40,0.91,0
134.0,123.28,92.71,-273.15,-1.39,0.91,0
134.1,123.48,92.84,-273.15,-1.40,0.87,0
134.2,123.28,92.84,-273.15,-1.40,0.83,0
134.3,123.48,92.84,-52.78,-1.40,0.91,0
134.4,122.88,92.84,-52.78,-1.40,0.91,0
134.5,123.48,92.84,-52.78,-1.41,0.87,0
134.6,123.28,92.98,-30.98,-1.41,0.91,0
134.7,123.48,92.84,-273.15,-1.42,0.91,0
134.8,123.48,92.98,-273.15,-1.42,0.87,0
134.9,123.48,93.11,-273.15,-1.42,0.87,0
135.0,123.48,92.98,-273.15,-1.42,0.87,0
135.1,123.48,92.84,-52.78,-1.42,0.87,0
135.1,123.48,92.98,-273.15,-1.43,0.91,0
135.2,123.48,92.98,-273.15,-1.43,0.87,0
135.3,123.68,92.84,-43.90,-1.43,0.87,0
135.4,123.48,93.11,-273.15,-1.43,0.91,0
135.5,123.48,93.11,-52.78,-1.43,0.87,0
135.6,123.48,93.11,-52.78,-1.43,0.87,0
135.7,123.48,93.11,-52.78,-1.45,0.87,0
135.8,123.48,93.11,-273.15,-1.45,0.87,0
135.9,123.68,93.25,-273.15,-1.45,0.87,0
136.0,123.68,93.25,-52.78,-1.45,0.91,0
136.1,123.48,93.25,-273.15,-1.47,0.87,0
136.2,123.48,93.25,-273.15,-1.47,0.87,0
136.3,123.68,93.25,-273.15,-1.48,0.87,0
136.3,123.68,93.25,-273.15,-1.48,0.91,0
136.4,123.68,93.25,-52.78,-1.47,0.87,0
136.5,123.68,93.25,-273.15,-1.48,0.87,0
136.6,123.68,93.25,-273.15,-1.49,0.87,0
136.7,123.68,93.38,-273.15,-1.49,0.87,0
136.8,123.68,93.65,-273.15,-1.49,0.87,0
136.9,123.68,93.38,-273.15,-1.51,0.87,0
137.0,123.89,93.38,-273.15,-1.51,0.91,0
137.1,123.68,93.38,-273.15,-1.51,0.87,0
137.2,123.89,93.38,-52.78,-1.51,0.87,0
137.3,123.89,93.52,-273.15,-1.51,0.87,0
137.4,123.89,93.52,-273.15,-1.52,0.91,0
137.4,123.89,93.52,-273.15,-1.52,0.83,0
137.5,123.89,93.52,-273.15,-1.52,0.91,0
137.6,123.89,93.52,-273.15,-1.52,0.91,0
137.7,123.89,93.52,-273.15,-1.53,0.87,0
137.8,123.89,93.52,-34.26,-1.53,0.87,0
137.9,123.89,93.52,-273.15,-1.54,0.91,0
138.0,123.89,93.52,-30.98,-1.54,0.83,0
138.1,123.89,93.52,-273.15,-1.55,0.87,0
138.2,124.09,93.65,-52.78,-1.56,0.87,0
138.3,123.89,93.65,-273.15,-1.57,0.87,0
138.4,124.09,93.52,-52.78,-1.57,0.87,0
138.5,123.89,93.65,-273.15,-1.58,0.87,0
138.6,124.09,93.65,-273.15,-1.58,0.91,0
138.6,124.09,93.65,-273.15,-1.58,0.91,0
138.7,123.89,93.79,-273.15,-1.59,0.87,0
138.8,123.89,93.52,-52.78,-1.60,0.87,0
138.9,124.09,93.79,-273.15,-1.60,0.87,0
139.0,124.09,93.79,-273.15,-1.60,0.91,0
139.1,124.09,93.79,-38.36,-1.60,0.91,0
139.2,124.50,93.79,-43.90,-1.61,0.87,0
139.3,124.09,93.79,-273.15,-1.61,0.91,0
139.4,124.09,93.79,-34.26,-1.61,0.91,0
139.5,124.09,93.79,-52.78,-1.62,0.91,0
139.6,124.29,93.92,-43.90,-1.62,0.87,0
139.7,124.09,93.92,-38.36,-1.63,0.91,0
139.7,124.09,93.92,-52.78,-1.62,0.91,0
139.8,124.29,93.92,-273.15,-1.62,0.91,0
139.9,124.29,93.92,-273.15,-1.62,0.83,0
140.0,124.29,93.92,-43.90,-1.63,0.87,0
140.1,124.29,93.92,-273.15,-1.64,0.96,0
140.2,124.29,94.06,-273.15,-1.63,0.91,0
140.3,124.29,93.92,-273.15,-1.64,0.91,0
140.4,124.29,94.06,-273.15,-1.64,0.87,0
140.5,124.29,94.06,-273.15,-1.63,0.87,0
140.6,124.29,94.06,-273.15,-1.63,0.87,0
140.7,124.29,94.06,-273.15,-1.63,0.91,0
140.8,124.29,94.06,-52.78,-1.64,0.87,0
140.9,124.29,94.06,-273.15,-1.64,0.91,0
140.9,124.29,94.19,-30.98,-1.64,0.91,0
141.0,124.29,94.06,-273.15,-1.64,0.87,0
141.1,124.29,94.19,-52.78,-1.64,0.87,0
141.2,124.29,94.19,-43.90,-1.65,0.87,0
141.3,124.29,94.19,-273.15,-1.64,0.87,0
141.4,124.29,94.19,-52.78,-1.64,0.87,0
141.5,124.29,94.19,-273.15,-1.64,0.87,0
141.6,124.29,94.19,-34.26,-1.64,0.87,0
141.7,124.29,94.19,-273.15,-1.64,0.87,0
141.8,124.29,94.33,-52.78,-1.65,0.87,0
141.9,124.29,94.33,-28.23,-1.63,0.91,0
142.0,124.29,94.19,-273.15,-1.63,0.87,0
142.0,124.29,94.33,-30.98,-1.62,0.83,0
142.1,124.29,94.33,-273.15,-1.62,0.87,0
142.2,124.29,94.33,-43.90,-1.62,0.87,0
142.3,124.29,93.92,-52.78,-1.62,0.87,0
142.4,124.29,94.46,-273.15,-1.62,0.87,0
142.5,124.29,94.33,-273.15,-1.62,0.87,0
142.6,124.29,94.46,-273.15,-1.62,0.87,0
142.7,124.29,94.87,-52.78,-1.62,0.87,0
142.8,124.29,94.46,-273.15,-1.63,0.91,0
142.9,124.29,94.46,-273.15,-1.63,0.91,0
143.0,124.29,94.46,-52.78,-1.63,0.83,0
143.1,124.29,94.46,-273.15,-1.63,0.91,0
143.2,124.70,94.46,-273.15,-1.63,0.87,0
143.2,124.29,94.46,-43.90,-1.63,0.87,0
143.3,124.29,94.60,-273.15,-1.63,0.87,0
143.4,124.29,94.60,-273.15,-1.63,0.87,0
143.5,124.29,94.46,-43.90,-1.64,0.83,0
143.6,124.29,94.60,-52.78,-1.65,0.91,0
143.7,124.29,94.60,-38.36,-1.65,0.87,0
143.8,124.09,94.60,-30.98,-1.66,0.87,0
143.9,124.29,94.60,-52.78,-1.66,0.87,0
144.0,124.29,94.60,-273.15,-1.67,0.91,0
144.1,124.29,94.60,-273.15,-1.67,0.87,0
144.2,124.29,94.60,-273.15,-1.67,0.87,0
144.3,124.29,94.19,-273.15,-1.67,0.87,0
144.4,124.09,94.74,-273.15,-1.69,0.87,0
144.5,124.09,94.60,-273.15,-1.68,0.91,0
144.6,124.09,94.74,-52.78,-1.68,0.87,0
144.6,124.29,95.01,-273.15,-1.68,0.87,0
144.7,124.09,94.74,-273.15,-1.68,0.91,0
144.8,124.09,94.74,-273.15,-1.68,0.87,0
144.9,124.09,94.74,-273.15,-1.67,0.91,0
145.0,124.09,94.74,-273.15,-1.67,0.91,0
145.1,124.09,94.74,-273.15,-1.67,0.91,0
145.2,124.09,94.33,-273.15,-1.67,0.91,0
145.3,124.09,94.60,-273.15,-1.67,0.87,0
145.4,124.09,94.74,-273.15,-1.67,0.87,0
145.5,123.89,94.87,-273.15,-1.67,0.87,0
145.5,124.09,94.74,-273.15,-1.67,0.87,0
145.6,124.09,94.87,-273.15,-1.68,0.87,0
145.7,124.09,94.87,-273.15,-1.68,0.83,0
145.8,123.89,94.87,-273.15,-1.67,0.87,0
145.9,124.09,94.87,-273.15,-1.67,0.87,0
146.0,123.68,94.87,-273.15,-1.68,0.87,0
146.1,124.09,94.87,-273.15,-1.68,0.87,0
146.2,124.09,94.87,-273.15,-1.68,0.91,0
146.3,123.89,94.87,-273.15,-1.68,0.87,0
146.4,123.89,94.87,-273.15,-1.68,0.87,0
146.5,124.09,95.01,-273.15,-1.68,0.83,0
146.6,124.09,95.28,-273.15,-1.68,0.87,0
146.7,124.09,95.01,-43.90,-1.68,0.87,0
146.7,123.89,95.01,-273.15,-1.69,0.91,0
146.8,124.50,95.01,-52.78,-1.69,0.91,0
146.9,123.89,95.14,-273.15,-1.69,0.83,0
147.0,123.68,95.01,-43.90,-1.69,0.87,0
147.1,124.09,95.01,-52.78,-1.69,0.87,0
147.2,123.89,95.14,-273.15,-1.69,0.87,0
147.3,124.09,95.14,-273.15,-1.69,0.87,0
147.4,123.89,95.01,-273.15,-1.69,0.87,0
147.5,124.09,95.14,-273.15,-1.70,0.83,0
147.6,124.09,95.14,-52.78,-1.70,0.87,0
147.7,124.09,95.14,-273.15,-1.70,0.87,0
147.8,123.89,95.14,-273.15,-1.69,0.87,0
147.8,124.09,95.14,-43.90,-1.69,0.91,0
147.9,124.09,95.14,-52.78,-1.69,0.87,0
148.0,124.09,95.14,-273.15,-1.69,0.87,0
148.1,124.09,95.28,-273.15,-1.69,0.87,0
148.2,124.09,95.28,-273.15,-1.69,0.87,0
148.3,124.09,95.14,-52.78,-1.70,0.83,0
148.4,124.09,95.28,-273.15,-1.70,0.91,0
148.5,124.29,94.87,-273.15,-1.69,0.87,0
148.6,124.09,95.28,-273.15,-1.70,0.87,0
148.7,124.09,95.28,-273.15,-1.69,0.87,0
148.8,124.29,95.28,-273.15,-1.69,0.91,0
148.9,124.29,95.28,-52.78,-1.70,0.87,0
149.0,124.29,94.87,-52.78,-1.70,0.87,0
149.0,124.09,95.28,-273.15,-1.70,0.87,0
149.1,124.09,95.42,-28.23,-1.70,0.87,0
149.2,124.09,95.28,-273.15,-1.69,0.87,0
149.3,124.09,95.28,-273.15,-1.69,0.87,0
149.4,124.09,95.42,-273.15,-1.69,0.83,0
149.5,124.29,95.42,-52.78,-1.69,0.87,0
149.6,124.29,95.28,-273.15,-1.70,0.87,0
149.7,124.29,95.42,-273.15,-1.70,0.87,0
149.8,124.29,95.42,-273.15,-1.69,0.91,0
149.9,124.50,95.42,-273.15,-1.69,0.87,0
150.0,124.29,95.42,-43.90,-1.70,0.87,0
150.1,124.29,95.42,-52.78,-1.70,0.87,0
150.1,124.50,95.83,-273.15,-1.69,0.87,0
150.2,124.29,95.42,-273.15,-1.71,0.87,0
150.3,123.89,95.42,-273.15,-1.71,0.87,0
150.4,124.29,95.56,-273.15,-1.71,0.87,0
150.5,124.50,95.42,-273.15,-1.71,0.87,0
150.6,124.29,95.56,-273.15,-1.71,0.87,0
150.7,124.29,95.56,-273.15,-1.72,0.87,0
150.8,124.29,95.56,-273.15,-1.72,0.87,0
150.9,124.50,95.56,-273.15,-1.73,0.91,0
151.0,124.50,95.56,-273.15,-1.74,0.87,0
151.1,124.29,95.69,-52.78,-1.74,0.87,0
151.2,124.50,95.56,-273.15,-1.73,0.87,0
151.3,124.29,95.56,-273.15,-1.74,0.87,0
151.3,124.29,95.56,-273.15,-1.74,0.87,0
151.4,124.50,95.97,-273.15,-1.74,0.87,0
151.5,124.50,95.56,-52.78,-1.73,0.91,0
151.6,124.29,95.56,-273.15,-1.73,0.91,0
151.7,124.50,95.69,-273.15,-1.73,0.87,0
151.8,124.50,96.11,-273.15,-1.73,0.87,0
151.9,124.50,95.69,-273.15,-1.74,0.87,0
152.0,124.70,95.69,-273.15,-1.74,0.83,0
152.1,124.70,95.56,-273.15,-1.74,0.87,0
152.2,124.50,95.83,-273.15,-1.75,0.87,0
152.3,124.70,95.69,-273.15,-1.76,0.87,0
152.4,124.70,95.69,-273.15,-1.76,0.87,0
152.4,124.70,95.69,-273.15,-1.76,0.87,0
152.5,124.50,95.69,-273.15,-1.77,0.87,0
152.6,124.70,95.69,-273.15,-1.77,0.83,0
152.7,124.70,95.83,-52.78,-1.78,0.87,0
152.8,124.70,95.83,-273.15,-1.79,0.91,0
152.9,124.50,95.83,-273.15,-1.79,0.87,0
153.0,124.70,95.69,-38.36,-1.79,0.87,0
153.1,124.70,95.83,-28.23,-1.79,0.87,0
153.2,124.70,95.83,-273.15,-1.80,0.87,0
153.3,124.70,95.83,-273.15,-1.81,0.87,0
153.4,124.91,95.83,-52.78,-1.81,0.91,0
153.5,124.91,95.83,-273.15,-1.81,0.87,0
153.6,124.91,95.97,-34.26,-1.80,0.87,0
153.6,124.70,95.97,-273.15,-1.80,0.87,0
153.7,124.70,95.83,-273.15,-1.81,0.87,0
153.8,124.91,95.83,-273.15,-1.81,0.83,0
153.9,124.91,95.97,-43.90,-1.82,0.87,0
154.0,124.91,96.24,-273.15,-1.81,0.87,0
154.1,124.91,95.69,-273.15,-1.80,0.87,0
154.2,124.91,95.97,-273.15,-1.79,0.87,0
154.3,124.70,95.97,-273.15,-1.79,0.87,0
154.4,124.91,95.97,-273.15,-1.79,0.87,0
154.5,124.50,95.97,-273.15,-1.78,0.87,0
154.6,124.91,95.97,-273.15,-1.77,0.83,0
154.7,124.91,95.97,-43.90,-1.77,0.87,0
154.7,125.12,95.97,-52.78,-1.76,0.87,0
154.8,124.91,95.97,-52.78,-1.76,0.87,0
154.9,125.12,95.97,-34.26,-1.76,0.87,0
155.0,124.91,95.97,-273.15,-1.75,0.87,0
155.1,125.12,95.97,-273.15,-1.75,0.87,0
155.2,125.12,95.56,-273.15,-1.75,0.87,0
155.3,124.70,96.11,-52.78,-1.74,0.87,0
155.4,125.12,95.56,-43.90,-1.73,0.87,0
155.5,125.12,96.11,-273.15,-1.72,0.87,0
155.6,125.53,96.11,-273.15,-1.71,0.87,0
155.7,125.12,96.11,-273.15,-1.71,0.83,0
155.8,125.12,96.11,-273.15,-1.71,0.87,0
155.9,125.32,96.11,-52.78,-1.70,0.87,0
155.9,125.12,95.83,-273.15,-1.70,0.87,0
156.0,125.12,96.11,-43.90,-1.70,0.87,0
156.1,125.12,96.11,-52.78,-1.70,0.87,0
156.2,125.12,96.52,-273.15,-1.70,0.87,0
156.3,125.12,96.11,-273.15,-1.70,0.87,0
156.4,125.12,95.97,-273.15,-1.68,0.87,0
156.5,125.32,96.24,-273.15,-1.68,0.87,0
156.6,125.12,96.11,-273.15,-1.67,0.91,0
156.7,125.12,96.24,-273.15,-1.67,0.87,0
156.8,125.12,96.24,-273.15,-1.68,0.83,0
156.9,125.12,96.24,-273.15,-1.68,0.83,0
157.0,125.12,96.11,-273.15,-1.67,0.91,0
157.1,125.12,96.24,-273.15,-1.67,0.87,0
157.1,125.32,96.24,-52.78,-1.68,0.91,0
157.2,125.32,96.24,-43.90,-1.67,0.83,0
157.3,125.32,96.24,-52.78,-1.67,0.87,0
157.4,125.32,96.24,-273.15,-1.67,0.87,0
157.5,125.32,96.24,-52.78,-1.67,0.87,0
157.6,125.32,96.24,-273.15,-1.67,0.87,0
157.7,125.12,96.24,-273.15,-1.66,0.87,0
157.8,125.12,96.24,-273.15,-1.66,0.87,0
157.9,125.32,96.24,-52.78,-1.66,0.87,0
158.0,125.32,96.38,-273.15,-1.65,0.87,0
158.1,125.32,96.38,-43.90,-1.65,0.87,0
158.2,125.12,96.38,-273.15,-1.65,0.87,0
158.2,125.53,96.24,-273.15,-1.66,0.87,0
158.3,125.32,96.38,-34.26,-1.66,0.87,0
158.4,125.74,96.38,-273.15,-1.65,0.83,0
158.5,125.32,96.38,-273.15,-1.65,0.87,0
158.6,125.53,96.38,-273.15,-1.65,0.83,0
158.7,125.32,96.38,-273.15,-1.64,0.87,0
158.8,125.32,96.38,-273.15,-1.64,0.87,0
158.9,125.12,96.80,-273.15,-1.64,0.87,0
159.0,125.12,96.38,-273.15,-1.63,0.87,0
159.1,125.12,96.11,-273.15,-1.63,0.91,0
159.2,125.12,96.38,-273.15,-1.63,0.87,0
159.3,125.12,96.11,-273.15,-1.63,0.83,0
159.4,125.32,96.38,-273.15,-1.63,0.87,0
159.4,125.32,96.38,-273.15,-1.64,0.83,0
159.5,125.32,96.38,-273.15,-1.63,0.87,0
159.6,125.12,96.38,-43.90,-1.63,0.83,0
159.7,125.12,96.52,-273.15,-1.63,0.87,0
159.8,125.12,96.52,-273.15,-1.63,0.87,0
159.9,125.12,96.52,-273.15,-1.62,0.87,0
160.0,125.12,96.38,-273.15,-1.61,0.87,0
160.1,125.12,96.52,-30.98,-1.61,0.87,0
160.2,125.12,96.52,-273.15,-1.61,0.87,0
160.3,125.12,96.11,-273.15,-1.61,0.87,0
160.4,125.12,96.52,-273.15,-1.60,0.87,0
160.5,125.12,96.52,-273.15,-1.60,0.87,0
160.5,125.12,96.52,-273.15,-1.60,0.83,0
160.6,125.12,96.38,-273.15,-1.61,0.83,0
160.7,125.12,96.52,-52.78,-1.60,0.87,0
160.8,124.91,96.52,-273.15,-1.60,0.87,0
160.9,125.12,96.52,-38.36,-1.61,0.83,0
161.0,125.12,96.52,-52.78,-1.61,0.91,0
161.1,124.91,96.52,-273.15,-1.61,0.91,0
161.2,124.91,96.52,-273.15,-1.62,0.87,0
161.3,124.91,96.66,-28.23,-1.62,0.87,0
161.4,124.91,96.66,-273.15,-1.62,0.87,0
161.5,124.91,96.38,-52.78,-1.63,0.87,0
161.6,124.91,96.66,-273.15,-1.63,0.87,0
161.7,124.70,96.66,-273.15,-1.63,0.83,0
161.7,124.91,96.66,-273.15,-1.63,0.87,0
161.8,124.70,96.66,-273.15,-1.63,0.87,0
161.9,124.70,96.66,-43.90,-1.62,0.87,0
162.0,124.70,96.38,-273.15,-1.62,0.87,0
162.1,124.70,96.66,-273.15,-1.63,0.87,0
162.2,124.70,96.80,-273.15,-1.63,0.87,0
162.3,124.70,96.66,-273.15,-1.62,0.87,0
162.4,124.70,96.66,-273.15,-1.61,0.83,0
162.5,124.50,96.80,-273.15,-1.62,0.87,0
162.6,124.50,96.80,-273.15,-1.62,0.83,0
162.7,124.50,96.66,-273.15,-1.62,0.87,0
162.8,124.50,96.66,-273.15,-1.62,0.87,0
162.8,124.29,96.24,-273.15,-1.62,0.83,0
162.9,124.50,97.08,-52.78,-1.61,0.91,0
163.0,124.50,96.80,-273.15,-1.60,0.87,0
163.1,124.29,96.80,-273.15,-1.60,0.91,0
163.2,124.29,96.66,-52.78,-1.61,0.83,0
163.3,124.29,96.80,-273.15,-1.61,0.87,0
163.4,124.29,96.80,-273.15,-1.61,0.83,0
163.5,124.29,96.80,-43.90,-1.61,0.87,0
163.6,124.29,96.80,-273.15,-1.61,0.87,0
163.7,124.29,96.80,-273.15,-1.62,0.83,0
163.8,124.09,96.80,-43.90,-1.64,0.87,0
163.9,124.09,96.80,-273.15,-1.64,0.91,0
164.0,124.09,96.80,-34.26,-1.65,0.87,0
164.0,124.09,96.38,-273.15,-1.64,0.87,0
164.1,124.09,96.80,-273.15,-1.65,0.87,0
164.2,123.89,96.80,-273.15,-1.66,0.87,0
164.3,124.09,96.80,-273.15,-1.66,0.87,0
164.4,124.09,96.80,-273.15,-1.67,0.87,0
164.5,124.09,96.66,-273.15,-1.66,0.87,0
164.6,123.89,96.66,-273.15,-1.66,0.83,0
164.7,123.68,96.80,-273.15,-1.66,0.83,0
164.8,123.89,96.80,-273.15,-1.66,0.87,0
164.9,123.89,96.80,-273.15,-1.66,0.87,0
165.0,123.89,96.94,-273.15,-1.66,0.87,0
165.1,123.68,96.80,-273.15,-1.66,0.87,0
165.2,123.68,96.94,-273.15,-1.66,0.83,0
165.2,123.68,96.94,-273.15,-1.67,0.87,0
165.3,123.68,96.94,-52.78,-1.68,0.87,0
165.4,123.68,96.94,-38.36,-1.68,0.87,0
165.5,123.28,96.94,-52.78,-1.69,0.87,0
165.6,123.68,96.94,-273.15,-1.69,0.87,0
165.7,123.48,96.94,-273.15,-1.69,0.87,0
165.8,123.48,96.94,-52.78,-1.69,0.83,0
165.9,123.48,96.94,-273.15,-1.69,0.83,0
166.0,123.89,96.94,-273.15,-1.70,0.87,0
166.1,123.48,96.94,-273.15,-1.70,0.87,0
166.2,123.48,96.94,-273.15,-1.71,0.87,0
166.3,123.28,96.94,-273.15,-1.71,0.87,0
166.3,123.28,96.94,-273.15,-1.70,0.87,0
166.4,123.28,96.94,-273.15,-1.71,0.87,0
166.5,123.28,97.08,-273.15,-1.71,0.87,0
166.6,123.28,96.94,-273.15,-1.71,0.87,0
166.7,123.08,96.94,-273.15,-1.72,0.83,0
166.9,123.08,96.94,-52.78,-1.72,0.87,0
167.0,123.08,96.94,-273.15,-1.72,0.87,0
167.1,123.08,96.94,-273.15,-1.72,0.87,0
167.2,123.08,96.94,-273.15,-1.73,0.87,0
167.3,123.08,96.94,-273.15,-1.73,0.87,0
167.4,122.88,97.08,-273.15,-1.72,0.83,0
167.5,122.88,97.08,-273.15,-1.72,0.91,0
167.6,122.88,97.08,-273.15,-1.72,0.87,0
167.6,122.88,97.08,-273.15,-1.73,0.83,0
167.7,122.88,97.08,-273.15,-1.73,0.83,0
167.8,122.68,96.94,-273.15,-1.72,0.83,0
167.9,122.88,97.08,-273.15,-1.72,0.87,0
168.0,123.28,97.08,-273.15,-1.73,0.83,0
168.1,122.68,96.66,-43.90,-1.73,0.91,0
168.2,122.68,97.22,-52.78,-1.73,0.87,0
168.3,122.68,97.08,-273.15,-1.72,0.87,0
168.4,122.68,97.50,-273.15,-1.72,0.87,0
168.5,122.68,97.08,-273.15,-1.72,0.91,0
168.6,122.68,97.08,-273.15,-1.71,0.87,0
168.6,122.68,97.08,-273.15,-1.71,0.87,0
168.7,122.68,97.08,-43.90,-1.71,0.87,0
168.8,122.68,97.08,-34.26,-1.71,0.87,0
168.9,122.48,97.64,-273.15,-1.71,0.83,0
169.0,122.48,97.08,-52.78,-1.72,0.83,0
169.1,122.48,97.50,-52.78,-1.73,0.87,0
169.2,122.48,97.08,-273.15,-1.73,0.91,0
169.3,122.29,97.08,-43.90,-1.73,0.87,0
169.4,122.29,97.22,-273.15,-1.73,0.87,0
169.5,122.29,97.08,-273.15,-1.73,0.83,0
169.6,122.29,97.08,-273.15,-1.73,0.87,0
169.7,122.29,97.08,-52.78,-1.73,0.87,0
169.8,122.29,97.08,-30.98,-1.73,0.83,0
169.8,122.29,97.08,-273.15,-1.72,0.87,0
169.9,122.29,97.22,-273.15,-1.71,0.87,0
170.0,122.09,97.08,-273.15,-1.72,0.83,0
170.1,122.29,97.08,-273.15,-1.72,0.87,0
170.2,122.29,97.08,-52.78,-1.72,0.87,0
170.3,122.09,97.22,-273.15,-1.72,0.83,0
170.4,122.09,97.22,-273.15,-1.72,0.87,0
170.5,122.09,97.08,-273.15,-1.72,0.87,0
170.6,122.48,97.08,-52.78,-1.72,0.87,0
170.7,122.09,97.22,-273.15,-1.71,0.83,0
170.8,122.09,97.08,-52.78,-1.71,0.87,0
170.9,121.89,97.22,-273.15,-1.72,0.91,0
170.9,121.89,97.22,-273.15,-1.72,0.83,0
171.0,121.70,97.08,-34.26,-1.70,0.87,0
171.1,121.89,97.22,-34.26,-1.70,0.83,0
171.2,121.89,97.08,-273.15,-1.70,0.87,0
171.3,121.70,97.22,-52.78,-1.70,0.83,0
171.4,121.70,97.22,-52.78,-1.69,0.83,0
171.5,121.70,97.22,-273.15,-1.69,0.83,0
171.6,121.70,97.22,-273.15,-1.69,0.87,0
171.7,121.70,97.08,-52.78,-1.68,0.87,0
171.8,121.70,97.22,-30.98,-1.67,0.87,0
171.9,121.50,97.22,-273.15,-1.67,0.83,0
172.0,121.50,97.22,-52.78,-1.67,0.83,0
172.1,121.11,97.08,-273.15,-1.66,0.87,0
172.1,121.70,97.22,-273.15,-1.66,0.87,0
172.2,121.50,97.22,-273.15,-1.66,0.83,0
172.3,121.50,97.22,-273.15,-1.66,0.83,0
172.4,121.31,97.22,-273.15,-1.66,0.87,0
172.5,121.50,97.22,-273.15,-1.66,0.83,0
172.6,121.31,97.64,-273.15,-1.67,0.83,0
172.7,121.50,97.08,-273.15,-1.68,0.87,0
172.8,121.31,97.22,-273.15,-1.68,0.83,0
172.9,121.31,97.22,-273.15,-1.69,0.87,0
173.0,121.11,97.22,-273.15,-1.69,0.91,0
173.1,121.31,97.22,-273.15,-1.69,0.83,0
173.2,121.11,97.22,-52.78,-1.69,0.83,0
173.2,121.11,97.22,-273.15,-1.69,0.87,0
173.3,121.11,97.22,-273.15,-1.68,0.87,0
173.4,121.11,97.22,-273.15,-1.68,0.87,0
173.5,120.92,97.22,-273.15,-1.69,0.83,0
173.6,120.54,97.22,-273.15,-1.68,0.83,0
173.7,120.73,97.22,-273.15,-1.68,0.83,0
173.8,120.92,97.36,-52.78,-1.69,0.83,0
173.9,120.92,97.64,-273.15,-1.69,0.87,0
174.0,120.73,97.22,-273.15,-1.69,0.83,0
174.1,120.73,97.22,-273.15,-1.69,0.83,0
174.2,120.92,97.22,-273.15,-1.70,0.83,0
174.3,121.11,97.22,-273.15,-1.70,0.87,0
174.4,120.54,97.22,-273.15,-1.70,0.87,0
174.5,120.73,97.22,-273.15,-1.70,0.87,0
174.6,120.54,97.22,-34.26,-1.70,0.87,0
174.6,120.54,97.36,-52.78,-1.70,0.83,0
174.7,120.54,97.22,-273.15,-1.69,0.83,0
174.8,120.54,97.22,-273.15,-1.68,0.87,0
174.9,120.54,97.22,-273.15,-1.69,0.87,0
175.0,120.35,97.22,-43.90,-1.70,0.87,0
175.1,120.35,97.22,-273.15,-1.70,0.87,0
175.2,120.35,97.22,-273.15,-1.71,0.87,0
175.3,120.35,97.22,-273.15,-1.72,0.83,0
175.4,120.15,97.22,-38.36,-1.70,0.83,0
175.5,120.35,97.22,-273.15,-1.69,0.87,0
175.6,120.15,97.22,-273.15,-1.69,0.87,0
175.6,120.15,97.22,-273.15,-1.69,0.83,0
175.7,120.15,96.80,-52.78,-1.70,0.87,0
175.8,119.96,97.22,-52.78,-1.70,0.83,0
175.9,120.35,97.36,-273.15,-1.70,0.83,0
176.0,119.96,97.36,-273.15,-1.70,0.87,0
176.1,120.15,97.22,-273.15,-1.70,0.87,0
176.2,119.96,97.22,-273.15,-1.70,0.87,0
176.3,119.96,97.22,-273.15,-1.70,0.83,0
176.4,119.96,96.94,-52.78,-1.71,0.83,0
176.5,119.96,97.36,-38.36,-1.71,0.87,0
176.6,119.96,97.36,-52.78,-1.71,0.87,0
176.7,119.77,97.36,-273.15,-1.71,0.87,0
176.7,119.96,97.36,-273.15,-1.71,0.87,0
176.8,119.77,97.64,-52.78,-1.71,0.83,0
176.9,119.59,97.22,-52.78,-1.71,0.87,0
177.0,119.77,97.36,-273.15,-1.71,0.83,0
177.1,119.77,97.36,-273.15,-1.70,0.87,0
177.2,119.59,97.22,-273.15,-1.70,0.87,0
177.3,119.77,97.22,-273.15,-1.69,0.83,0
177.4,119.59,97.36,-52.78,-1.68,0.91,0
177.5,119.59,97.36,-273.15,-1.69,0.87,0
177.6,119.59,97.36,-273.15,-1.69,0.87,0
177.7,119.59,97.36,-273.15,-1.70,0.91,0
177.8,119.59,97.22,-273.15,-1.69,0.87,0
177.9,119.59,97.36,-273.15,-1.68,0.87,0
177.9,119.59,97.22,-273.15,-1.68,0.91,0
178.0,119.59,97.36,-273.15,-1.68,0.91,0
178.1,119.59,97.22,-273.15,-1.68,0.83,0
178.2,119.59,97.36,-273.15,-1.68,0.87,0
178.3,119.59,97.22,-52.78,-1.68,0.83,0
178.4,119.21,97.36,-273.15,-1.68,0.83,0
178.5,119.77,97.36,-273.15,-1.67,0.83,0
178.6,119.02,97.22,-52.78,-1.68,0.83,0
178.7,119.40,97.22,-273.15,-1.68,0.83,0
178.8,119.59,97.08,-52.78,-1.68,0.83,0
178.9,119.40,97.22,-273.15,-1.68,0.83,0
179.0,119.40,97.22,-34.26,-1.68,0.83,0
179.0,119.40,97.22,-273.15,-1.68,0.87,0
179.1,119.40,97.22,-30.98,-1.68,0.83,0
179.2,119.21,97.22,-38.36,-1.68,0.83,0
179.3,119.40,97.22,-273.15,-1.68,0.87,0
179.4,119.40,97.22,-52.78,-1.68,0.83,0
179.5,119.21,97.36,-52.78,-1.69,0.87,0
179.6,119.21,97.22,-273.15,-1.68,0.87,0
179.7,119.21,97.22,-52.78,-1.67,0.87,0
179.8,119.21,97.22,-52.78,-1.67,0.83,0
179.9,119.21,97.36,-273.15,-1.67,0.87,0
180.0,119.21,97.22,-273.15,-1.66,0.87,0
180.1,119.21,97.36,-273.15,-1.65,0.87,0
180.2,119.02,97.36,-273.15,-1.65,0.87,0
180.2,119.21,97.22,-273.15,-1.65,0.87,0
180.3,119.21,97.22,-38.36,-1.66,0.83,0
180.4,119.21,96.80,-43.90,-1.66,0.87,0
180.5,119.21,97.22,-273.15,-1.65,0.87,0
180.6,119.02,97.22,-38.36,-1.65,0.83,0
180.7,119.02,97.36,-273.15,-1.65,0.83,0
180.8,119.40,97.36,-273.15,-1.65,0.87,0
180.9,119.02,97.22,-273.15,-1.65,0.87,0
181.0,119.02,97.22,-34.26,-1.64,0.87,0
181.1,119.02,97.22,-273.15,-1.64,0.83,0
181.2,119.02,97.22,-52.78,-1.63,0.87,0
181.3,118.65,97.22,-273.15,-1.64,0.87,0
181.4,119.21,97.22,-273.15,-1.64,0.87,0
181.4,119.02,97.22,-273.15,-1.64,0.87,0
181.5,119.02,97.36,-273.15,-1.63,0.83,0
181.6,119.02,97.22,-273.15,-1.63,0.87,0
181.7,119.02,97.22,-273.15,-1.63,0.87,0
181.8,119.02,97.22,-273.15,-1.63,0.87,0
181.9,119.02,97.22,-52.78,-1.63,0.87,0
182.0,118.84,97.36,-273.15,-1.63,0.87,0
182.1,119.21,97.22,-43.90,-1.63,0.83,0
182.2,118.84,97.22,-273.15,-1.62,0.87,0
182.3,118.84,97.22,-273.15,-1.62,0.87,0
182.4,118.84,97.36,-273.15,-1.62,0.87,0
182.5,118.84,97.22,-273.15,-1.61,0.87,0
182.5,118.84,97.22,-273.15,-1.62,0.83,0
182.6,118.84,97.22,-273.15,-1.62,0.83,0
182.7,118.84,97.22,-30.98,-1.62,0.83,0
182.8,118.84,97.22,-52.78,-1.62,0.87,0
182.9,118.84,97.22,-273.15,-1.62,0.83,0
183.0,119.02,97.22,-273.15,-1.61,0.87,0
183.1,118.84,97.22,-273.15,-1.61,0.83,0
183.2,118.84,97.22,-273.15,-1.61,0.87,0
183.3,118.84,97.22,-273.15,-1.61,0.87,0
183.4,118.84,96.94,-52.78,-1.62,0.83,0
183.5,118.84,97.22,-52.78,-1.61,0.83,0
183.6,118.84,97.22,-52.78,-1.61,0.87,0
183.7,118.84,97.22,-273.15,-1.61,0.83,0
183.8,118.84,97.22,-273.15,-1.62,0.83,0
183.8,118.84,97.22,-52.78,-1.62,0.87,0
183.9,118.84,97.22,-52.78,-1.62,0.87,0
184.0,118.46,97.22,-273.15,-1.61,0.87,0
184.1,118.84,97.64,-273.15,-1.61,0.87,0
184.2,118.84,97.22,-52.78,-1.61,0.87,0
184.3,118.65,96.94,-273.15,-1.61,0.87,0
184.4,118.65,97.08,-273.15,-1.61,0.83,0
184.5,118.84,97.22,-273.15,-1.60,0.83,0
184.6,118.84,97.22,-273.15,-1.60,0.87,0
184.7,119.02,97.22,-273.15,-1.60,0.83,0
184.8,118.65,96.66,-273.15,-1.60,0.83,0
184.9,118.65,97.22,-273.15,-1.60,0.87,0
185.0,118.65,97.22,-52.78,-1.59,0.87,0
185.0,118.65,97.08,-273.15,-1.60,0.83,0
185.1,118.65,97.22,-273.15,-1.61,0.87,0
185.2,118.65,97.08,-273.15,-1.61,0.87,0
185.3,118.65,97.08,-273.15,-1.61,0.83,0
185.4,118.65,96.94,-52.78,-1.60,0.83,0
185.5,118.65,97.08,-273.15,-1.60,0.83,0
185.6,118.65,97.22,-273.15,-1.60,0.87,0
185.7,118.65,97.22,-273.15,-1.61,0.87,0
185.8,118.65,97.08,-273.15,-1.60,0.83,0
185.9,118.65,97.22,-273.15,-1.60,0.83,0
186.0,118.46,97.22,-273.15,-1.60,0.87,0
186.1,118.65,97.08,-273.15,-1.61,0.87,0
186.2,118.65,97.22,-273.15,-1.61,0.87,0
186.2,118.84,97.08,-273.15,-1.60,0.91,0
186.3,118.46,97.08,-273.15,-1.61,0.87,0
186.4,118.46,97.08,-273.15,-1.61,0.87,0
186.5,118.46,97.64,-30.98,-1.61,0.87,0
186.6,118.46,97.08,-52.78,-1.61,0.87,0
186.7,118.46,97.08,-273.15,-1.61,0.87,0
186.8,118.46,97.08,-52.78,-1.60,0.83,0
186.9,118.46,97.08,-273.15,-1.60,0.91,0
187.0,118.46,97.08,-273.15,-1.60,0.83,0
187.1,118.46,97.08,-273.15,-1.60,0.83,0
187.2,118.28,97.08,-273.15,-1.61,0.87,0
187.3,118.46,96.80,-273.15,-1.60,0.87,0
187.4,118.46,97.08,-273.15,-1.60,0.87,0
187.4,118.28,97.08,-273.15,-1.60,0.87,0
187.5,118.28,97.08,-273.15,-1.61,0.87,0
187.6,118.46,97.08,-273.15,-1.60,0.87,0
187.7,118.28,97.08,-273.15,-1.61,0.83,0
187.8,118.28,97.08,-273.15,-1.61,0.87,0
187.9,118.09,96.80,-273.15,-1.61,0.87,0
188.0,118.28,97.08,-273.15,-1.61,0.83,0
188.1,118.28,97.08,-273.15,-1.61,0.87,0
188.2,118.28,97.08,-273.15,-1.61,0.87,0
188.3,118.28,97.08,-43.90,-1.60,0.83,0
188.4,118.09,97.08,-273.15,-1.60,0.87,0
188.5,118.28,97.08,-273.15,-1.60,0.87,0
188.6,118.09,96.94,-273.15,-1.60,0.83,0
188.6,118.09,97.08,-273.15,-1.59,0.83,0
188.7,118.09,97.08,-38.36,-1.59,0.83,0
188.8,118.09,97.08,-273.15,-1.59,0.83,0
188.9,118.09,97.08,-273.15,-1.58,0.87,0
189.0,117.91,97.08,-273.15,-1.59,0.91,0
189.1,117.91,96.94,-273.15,-1.59,0.87,0
189.2,117.91,97.08,-273.15,-1.58,0.87,0
189.3,117.91,96.94,-52.78,-1.58,0.87,0
189.4,118.09,96.94,-52.78,-1.58,0.87,0
189.5,117.91,97.08,-273.15,-1.58,0.87,0
189.6,117.91,97.08,-273.15,-1.58,0.83,0
189.7,117.91,96.94,-273.15,-1.58,0.87,0
189.8,117.73,97.08,-273.15,-1.58,0.83,0
189.8,117.91,96.94,-273.15,-1.58,0.87,0
189.9,117.91,96.94,-273.15,-1.58,0.83,0
190.0,117.73,97.08,-52.78,-1.58,0.87,0
190.1,117.91,96.94,-273.15,-1.58,0.87,0
190.2,117.73,96.94,-38.36,-1.58,0.87,0
190.3,117.73,96.94,-273.15,-1.58,0.87,0
190.4,117.73,96.94,-273.15,-1.57,0.87,0
190.5,117.91,96.94,-273.15,-1.57,0.83,0
190.6,117.73,97.08,-273.15,-1.57,0.83,0
190.7,117.54,97.22,-273.15,-1.58,0.83,0
190.8,117.73,97.50,-273.15,-1.58,0.87,0
190.9,117.73,96.94,-52.78,-1.58,0.87,0
190.9,117.54,96.66,-273.15,-1.58,0.83,0
191.0,117.73,97.08,-273.15,-1.58,0.83,0
191.1,117.54,96.94,-273.15,-1.58,0.87,0
191.2,117.18,96.94,-273.15,-1.58,0.87,0
191.3,117.54,96.94,-273.15,-1.59,0.87,0
191.4,117.54,96.94,-273.15,-1.59,0.87,0
191.5,117.54,96.94,-273.15,-1.60,0.87,0
191.6,117.54,96.94,-273.15,-1.60,0.83,0
191.7,117.54,97.08,-273.15,-1.60,0.83,0
191.8,117.54,96.94,-273.15,-1.60,0.87,0
191.9,117.54,96.94,-273.15,-1.61,0.87,0
192.0,117.54,96.94,-273.15,-1.61,0.83,0
192.1,117.54,96.94,-34.26,-1.60,0.87,0
192.1,117.18,96.52,-52.78,-1.61,0.83,0
192.2,117.54,96.94,-273.15,-1.60,0.87,0
192.3,117.00,96.94,-273.15,-1.60,0.87,0
192.4,117.73,96.94,-52.78,-1.60,0.87,0
192.5,117.54,96.94,-273.15,-1.59,0.87,0
192.6,117.36,96.94,-273.15,-1.60,0.87,0
192.7,117.36,96.94,-34.26,-1.60,0.87,0
192.8,117.54,96.94,-273.15,-1.60,0.87,0
192.9,117.36,96.94,-273.15,-1.60,0.87,0
193.0,117.54,96.94,-273.15,-1.60,0.83,0
193.1,117.18,96.94,-273.15,-1.60,0.83,0
193.2,117.36,96.94,-273.15,-1.60,0.83,0
193.3,117.36,96.94,-273.15,-1.60,0.87,0
193.4,117.36,96.80,-52.78,-1.60,0.87,0
193.5,117.36,96.80,-273.15,-1.60,0.83,0
193.6,117.36,96.94,-273.15,-1.60,0.83,0
193.6,117.36,96.94,-273.15,-1.61,0.87,0
193.7,117.36,96.94,-273.15,-1.60,0.83,0
193.8,117.54,96.94,-273.15,-1.60,0.87,0
193.9,117.36,96.94,-273.15,-1.61,0.87,0
194.0,117.36,96.80,-34.26,-1.60,0.87,0
194.1,117.36,96.94,-273.15,-1.60,0.83,0
194.2,117.36,96.80,-273.15,-1.60,0.83,0
194.3,117.36,96.94,-273.15,-1.60,0.87,0
194.4,117.18,96.80,-273.15,-1.60,0.87,0
194.5,117.36,96.80,-273.15,-1.60,0.83,0
194.6,117.18,96.80,-52.78,-1.60,0.83,0
194.7,117.18,96.80,-273.15,-1.60,0.83,0
194.8,117.18,96.80,-52.78,-1.60,0.87,0
194.8,117.18,96.80,-273.15,-1.61,0.87,0
194.9,117.18,96.80,-273.15,-1.61,0.83,0
195.0,117.18,96.94,-273.15,-1.61,0.87,0
195.1,117.18,96.80,-273.15,-1.60,0.83,0
195.2,117.18,96.80,-273.15,-1.60,0.87,0
195.3,117.18,96.80,-273.15,-1.59,0.83,0
195.4,117.18,96.80,-273.15,-1.58,0.87,0
195.5,117.18,96.80,-273.15,-1.59,0.83,0
195.6,117.18,96.80,-52.78,-1.59,0.87,0
195.7,117.18,96.80,-52.78,-1.59,0.87,0
195.8,117.18,96.80,-273.15,-1.58,0.83,0
195.9,117.18,96.80,-273.15,-1.59,0.87,0
195.9,117.18,97.08,-273.15,-1.58,0.87,0
196.0,117.18,96.66,-273.15,-1.58,0.87,0
196.1,117.18,96.80,-273.15,-1.58,0.87,0
196.2,117.18,96.80,-273.15,-1.57,0.87,0
196.3,117.00,96.80,-273.15,-1.57,0.87,0
196.4,117.00,96.80,-273.15,-1.57,0.87,0
196.5,117.00,96.80,-38.36,-1.57,0.87,0
196.6,116.82,96.80,-273.15,-1.58,0.87,0
196.7,117.00,96.80,-273.15,-1.58,0.87,0
196.8,117.00,96.80,-34.26,-1.58,0.83,0
196.9,117.00,96.80,-273.15,-1.58,0.87,0
197.0,117.00,96.80,-273.15,-1.58,0.87,0
197.1,117.00,96.66,-273.15,-1.57,0.83,0
197.1,117.00,96.80,-273.15,-1.58,0.87,0
197.2,117.00,96.80,-273.15,-1.57,0.87,0
197.3,117.00,96.80,-273.15,-1.57,0.87,0
