T,TEMP1,TEMP2,TEMP3,LOAD,PRESSURE,VALVE
0.0,19.68,21.15,-38.36,-0.09,1.00,0
0.1,19.98,21.44,-14.51,-0.09,1.00,0
0.2,20.57,20.86,-43.90,-0.09,1.00,0
0.2,19.68,20.28,-273.15,-0.09,1.00,0
0.3,19.98,20.86,-273.15,-0.09,1.00,0
0.4,19.68,21.15,-25.85,-0.09,1.00,0
0.5,20.28,20.86,-273.15,-0.09,1.00,0
0.6,20.28,21.15,-273.15,-0.08,1.00,0
0.7,19.68,21.15,-21.86,-0.09,1.00,0
0.8,19.38,21.15,-273.15,-0.08,0.96,0
0.8,19.07,20.57,-273.15,-0.09,1.00,0
0.9,19.98,20.86,-25.85,-0.08,1.00,0
1.0,19.98,21.15,-34.26,-0.08,1.00,0
1.1,19.98,20.86,-28.23,-0.08,0.96,0
1.2,19.98,20.86,-273.15,-0.09,1.00,0
1.3,20.28,20.86,-34.26,-0.09,0.96,0
1.4,19.68,21.15,-273.15,-0.09,0.96,0
1.5,19.98,20.86,-273.15,-0.09,1.00,0
1.6,19.98,20.86,-273.15,-0.08,1.00,0
1.7,19.98,20.86,-273.15,-0.08,1.00,0
1.8,20.28,20.86,-21.86,-0.09,1.00,0
1.9,19.98,20.86,-273.15,-0.09,1.00,0
1.9,19.98,20.86,-38.36,-0.08,1.00,0
2.0,19.38,21.15,-11.13,-0.08,1.00,0
2.1,19.98,20.28,-273.15,-0.08,1.00,0
2.2,19.98,20.86,-34.26,-0.08,1.00,0
2.3,20.28,21.15,-273.15,-0.08,1.00,0
2.4,19.98,20.28,-273.15,-0.07,0.96,0
2.5,20.28,20.86,-15.78,-0.08,1.00,0
2.6,19.98,21.72,-273.15,-0.08,1.00,0
2.7,19.98,20.28,-38.36,-0.08,1.00,0
2.8,19.98,20.86,-273.15,-0.07,1.00,0
2.9,19.98,20.86,-273.15,-0.07,0.96,0
3.0,19.68,20.86,-12.20,-0.08,1.00,0
3.0,19.38,20.86,-273.15,-0.07,1.00,0
3.1,19.07,20.57,-34.26,-0.07,1.00,0
3.2,20.57,20.86,-273.15,-0.08,0.96,0
3.3,20.57,21.15,-43.90,-0.09,1.00,0
3.4,19.98,20.86,-10.11,-0.09,1.00,0
3.5,20.28,20.86,-273.15,-0.09,1.00,0
3.6,19.98,20.28,-273.15,-0.09,0.96,0
3.7,19.38,21.15,-273.15,-0.08,1.00,0
3.8,19.68,21.44,-273.15,-0.08,1.00,0
3.9,20.28,21.15,-5.66,-0.08,1.00,0
4.0,20.28,21.72,-273.15,-0.08,1.00,0
4.1,19.98,20.86,-34.26,-0.08,1.00,0
4.2,19.98,21.15,-34.26,-0.09,1.00,0
4.3,19.68,20.86,-34.26,-0.09,1.00,0
4.4,19.98,20.86,-38.36,-0.09,1.00,0
4.5,19.98,20.86,-30.98,-0.08,1.00,0
4.6,19.98,21.72,-28.23,-0.08,1.00,0
4.7,19.68,20.86,-43.90,-0.09,0.96,0
4.8,19.98,21.15,-273.15,-0.09,1.00,0
4.9,20.28,20.86,-273.15,-0.10,0.96,0
4.9,19.68,20.57,-273.15,-0.10,0.96,0
5.0,19.98,20.86,-273.15,-0.09,1.00,0
5.1,19.68,20.86,-12.20,-0.09,1.00,0
5.2,20.86,20.28,-28.23,-0.09,1.00,0
5.3,19.98,20.57,-273.15,-0.09,1.00,0
5.4,20.28,20.86,-273.15,-0.09,1.00,1
5.5,20.28,20.86,-34.26,-0.09,1.00,1
5.5,19.98,20.86,-273.15,-0.09,2.43,1
5.6,19.98,20.86,-273.15,-0.08,5.60,1
5.7,19.68,20.86,-30.98,0.89,7.92,1
5.8,19.68,20.86,-273.15,13.19,8.09,1
5.9,19.98,20.86,-43.90,27.07,8.14,1
6.0,20.28,20.86,-34.26,31.46,8.01,1
6.1,19.68,21.15,-273.15,33.21,8.05,1
6.2,19.98,20.86,-43.90,34.40,7.92,1
6.3,19.98,20.86,-273.15,35.39,8.05,1
6.4,20.28,20.86,-38.36,36.19,8.09,1
6.5,20.86,21.44,-13.32,36.59,8.09,1
6.5,19.98,21.15,-273.15,36.73,8.26,1
6.6,19.98,21.15,-34.26,36.96,8.26,1
6.7,20.28,21.15,-273.15,37.14,8.22,1
6.8,20.28,21.44,-273.15,37.29,8.52,1
6.9,19.98,21.44,-18.58,37.54,8.35,1
7.0,19.68,21.72,-273.15,37.84,8.47,1
7.1,20.28,21.44,-25.85,38.00,8.43,1
7.2,20.28,21.44,-273.15,38.08,8.35,1
7.3,20.28,21.72,-43.90,38.20,8.35,1
7.4,20.28,21.72,-34.26,38.38,8.26,1
7.5,20.28,21.72,-273.15,38.54,8.47,1
7.6,20.28,22.00,-34.26,38.66,8.43,1
7.7,19.98,22.00,-273.15,38.80,8.39,1
7.8,20.28,22.00,-273.15,38.91,8.18,1
7.8,20.57,22.28,-25.85,39.01,8.30,1
7.9,20.28,22.56,-273.15,39.11,8.18,1
8.0,20.28,22.56,-38.36,39.21,8.43,1
8.1,20.57,22.56,-273.15,39.29,8.30,1
8.2,20.57,22.83,-273.15,39.41,8.26,1
8.3,20.57,23.10,-20.15,39.49,8.22,1
8.4,20.86,22.83,-273.15,39.58,8.26,1
8.5,20.86,23.10,-38.36,39.69,8.09,1
8.6,21.15,23.91,-273.15,39.75,8.26,1
8.7,21.15,23.10,-273.15,35.69,8.30,1
8.8,21.15,22.28,-28.23,13.62,8.22,1
8.9,21.44,23.10,-273.15,0.45,8.30,1
8.9,21.44,23.37,-34.26,-0.28,8.30,1
9.0,21.44,23.37,-273.15,-0.32,8.47,1
9.1,21.72,23.64,-273.15,-0.33,8.60,1
9.2,22.00,24.69,-17.13,-0.34,8.56,1
9.3,22.00,23.91,-273.15,-0.39,8.60,1
9.4,22.00,23.91,-34.26,-0.41,8.30,1
9.5,22.28,24.17,-11.13,-0.39,8.39,1
9.6,22.28,23.91,-273.15,-0.38,8.35,1
9.7,22.28,24.17,-43.90,-0.39,8.30,1
9.8,22.56,24.17,-273.15,-0.40,8.56,1
9.9,22.83,24.17,-273.15,-0.41,8.26,1
10.0,22.83,24.43,-273.15,-0.41,8.26,1
10.1,22.83,24.43,-30.98,-0.44,7.59,1
10.2,23.10,24.43,-273.15,-0.47,5.47,1
10.2,23.64,24.69,-12.20,-0.50,1.04,1
10.3,23.10,23.91,-273.15,-0.57,-0.77,1
10.4,23.64,24.17,-28.23,-0.70,-0.69,1
10.5,23.91,24.69,-273.15,-0.76,-0.52,1
10.6,23.91,24.95,-38.36,-0.78,-0.31,1
10.7,23.91,25.46,-21.86,-0.78,-0.18,1
10.8,24.43,25.20,-273.15,-0.79,-0.01,1
10.9,24.43,24.95,-30.98,-0.80,0.11,1
11.0,24.69,25.20,-273.15,-0.80,0.20,1
11.1,24.95,25.20,-52.78,-0.80,0.28,1
11.2,24.95,24.69,-28.23,-0.80,0.37,1
11.3,25.20,25.20,-273.15,-0.80,0.45,1
11.3,25.46,25.46,-34.26,-0.81,0.53,1
11.4,25.71,25.46,-273.15,-0.80,0.53,1
11.5,25.96,25.20,-273.15,-0.80,0.62,1
11.6,25.71,25.46,-28.23,-0.79,0.66,1
11.7,26.45,24.95,-273.15,-0.80,0.70,1
11.8,26.70,25.71,-25.85,-0.79,0.70,1
11.9,26.94,25.71,-273.15,-0.79,0.75,1
12.0,26.94,25.71,-52.78,-0.79,0.79,1
12.1,27.18,25.71,-14.51,-0.80,0.79,1
12.2,27.42,26.45,-273.15,-0.80,0.83,1
12.3,27.66,25.96,-38.36,-0.79,0.83,0
12.4,27.89,26.20,-10.11,-0.77,0.83,0
12.5,28.13,25.96,-38.36,-0.78,0.83,0
12.5,28.36,26.20,-12.20,-0.78,0.87,0
12.6,28.82,26.20,-273.15,-0.77,0.87,0
12.7,28.82,26.45,-34.26,-0.77,0.87,0
12.8,29.05,26.45,-273.15,-0.77,0.87,0
12.9,29.95,26.20,-273.15,-0.76,0.91,0
13.0,29.73,26.20,-21.86,-0.77,0.91,0
13.1,29.95,26.70,-273.15,-0.79,0.91,0
13.2,29.95,26.70,-34.26,-0.79,0.91,0
13.3,30.40,27.18,-273.15,-0.78,0.87,0
13.4,30.40,26.45,-273.15,-0.77,0.87,0
13.5,30.84,26.94,-23.75,-0.77,0.87,0
13.6,31.05,26.70,-273.15,-0.77,0.87,0
13.7,31.27,26.94,-38.36,-0.77,0.91,0
13.7,31.27,27.18,-273.15,-0.76,0.87,0
13.8,31.70,27.18,-273.15,-0.76,0.91,0
13.9,32.12,27.42,-12.20,-0.77,0.91,0
14.0,32.33,27.18,-273.15,-0.78,0.96,0
14.1,32.54,27.18,-38.36,-0.78,0.91,0
14.2,32.95,27.42,-12.20,-0.77,0.91,0
14.3,33.16,26.70,-273.15,-0.77,0.91,0
14.4,33.36,26.94,-34.26,-0.77,0.91,0
14.5,33.57,27.42,-273.15,-0.76,0.91,0
14.6,33.77,27.42,-273.15,-0.75,0.91,0
14.7,33.97,27.42,-273.15,-0.77,0.91,0
14.8,34.17,27.89,-273.15,-0.76,0.91,0
14.9,34.57,27.66,-43.90,-0.77,0.87,0
14.9,34.97,27.66,-273.15,-0.78,0.96,0
15.0,34.97,28.13,-34.26,-0.77,0.91,0
15.1,35.16,28.36,-20.15,-0.77,0.91,0
15.2,35.36,27.66,-273.15,-0.76,0.96,0
15.3,36.32,28.13,-34.26,-0.77,0.96,0
15.4,35.94,28.13,-273.15,-0.77,0.87,0
15.5,36.32,28.13,-52.78,-0.76,0.96,0
15.6,36.70,28.59,-9.15,-0.77,1.00,0
15.7,36.70,28.82,-273.15,-0.78,0.87,0
15.8,37.08,27.42,-30.98,-0.77,0.91,0
15.9,37.26,29.28,-273.15,-0.77,1.00,0
16.0,37.63,28.36,-273.15,-0.77,0.91,0
16.0,38.00,28.59,-34.26,-0.76,0.87,0
16.1,38.19,28.59,-273.15,-0.75,0.91,0
16.2,38.55,28.59,-25.85,-0.76,0.91,0
16.3,38.73,29.05,-52.78,-0.77,0.91,0
16.4,38.73,28.82,-38.36,-0.78,0.91,0
16.5,39.27,29.73,-20.15,-0.76,0.96,0
16.6,39.63,29.28,-273.15,-0.77,0.96,0
16.7,39.63,29.05,-23.75,-0.77,0.91,0
16.8,39.98,29.28,-273.15,-0.79,1.00,0
16.9,39.80,29.28,-273.15,-0.80,0.91,0
17.0,40.50,29.95,-14.51,-0.79,0.96,0
17.1,40.85,29.51,-273.15,-0.82,0.91,0
17.2,41.02,29.51,-38.36,-0.83,0.96,0
17.2,41.54,29.28,-30.98,-0.82,0.91,0
17.3,41.54,29.05,-273.15,-0.83,0.87,0
17.4,42.05,29.73,-25.85,-0.85,0.96,0
17.5,42.22,29.73,-273.15,-0.86,0.91,0
17.6,42.55,29.73,-38.36,-0.86,0.96,0
17.7,42.72,29.95,-34.26,-0.86,0.91,0
17.8,42.72,29.95,-273.15,-0.86,0.91,0
17.9,43.22,29.73,-20.15,-0.87,0.91,0
18.0,43.54,29.95,-273.15,-0.86,0.96,0
18.1,44.20,29.51,-38.36,-0.87,0.91,0
18.2,44.20,29.51,-30.98,-0.89,0.91,0
18.3,44.52,29.95,-273.15,-0.88,0.91,0
18.3,44.52,30.40,-34.26,-0.88,0.91,0
18.4,45.00,30.40,-273.15,-0.86,0.87,0
18.5,45.16,30.84,-273.15,-0.86,0.96,0
18.6,45.48,30.84,-21.86,-0.86,0.87,0
18.7,45.80,30.62,-273.15,-0.86,0.91,0
18.8,46.11,31.05,-38.36,-0.85,0.96,0
18.9,46.42,31.05,-273.15,-0.85,0.91,0
19.0,46.89,31.05,-273.15,-0.85,0.96,0
19.1,47.04,32.12,-14.51,-0.87,0.91,0
19.2,47.20,31.27,-273.15,-0.87,0.91,0
19.3,47.51,31.70,-28.23,-0.87,0.91,0
19.4,47.66,32.12,-273.15,-0.86,0.91,0
19.5,48.42,32.12,-34.26,-0.87,0.87,0
19.5,48.42,32.12,-25.85,-0.87,0.96,0
19.6,48.57,32.54,-273.15,-0.86,0.91,0
19.7,49.02,32.54,-25.85,-0.86,0.91,0
19.8,49.02,32.75,-273.15,-0.85,0.91,0
19.9,49.62,33.36,-28.23,-0.83,0.87,0
20.0,49.62,33.16,-30.98,-0.83,0.91,0
20.1,49.91,33.36,-273.15,-0.83,0.87,0
20.2,50.35,33.97,-34.26,-0.82,0.91,0
20.3,50.50,33.77,-52.78,-0.83,0.91,0
20.4,50.79,33.77,-52.78,-0.82,0.83,0
20.5,51.09,33.77,-23.75,-0.81,0.91,0
20.6,51.52,34.37,-273.15,-0.81,0.83,0
20.7,51.66,34.77,-38.36,-0.82,0.83,0
20.7,51.95,34.77,-273.15,-0.82,0.87,0
20.8,52.24,35.16,-273.15,-0.83,0.91,0
20.9,52.52,35.55,-52.78,-0.82,0.87,0
21.0,52.81,35.55,-273.15,-0.83,0.87,0
21.1,53.09,35.94,-52.78,-0.82,0.87,0
21.2,53.37,36.32,-9.15,-0.81,0.87,0
21.3,53.66,37.08,-34.26,-0.82,0.87,0
21.4,53.66,36.51,-34.26,-0.82,0.91,0
21.5,53.94,37.82,-273.15,-0.83,0.83,0
21.6,54.36,37.08,-273.15,-0.83,0.83,0
21.7,54.49,37.45,-28.23,-0.83,0.83,0
21.8,55.05,37.82,-273.15,-0.83,0.83,0
21.9,55.19,38.00,-25.85,-0.82,0.83,0
21.9,55.46,38.19,-273.15,-0.82,0.87,0
22.0,55.74,38.37,-38.36,-0.82,0.87,0
22.1,56.01,38.19,-15.78,-0.83,0.83,0
22.2,56.28,39.45,-273.15,-0.83,0.83,0
22.3,56.56,39.27,-30.98,-0.83,0.83,0
22.4,56.83,39.63,-273.15,-0.83,0.83,0
22.5,57.10,39.63,-273.15,-0.82,0.83,0
22.6,57.50,40.15,-21.86,-0.80,0.83,0
22.7,57.64,40.50,-273.15,-0.80,0.83,0
22.8,57.91,40.85,-34.26,-0.82,0.83,0
22.9,58.04,41.02,-273.15,-0.82,0.83,0
23.0,58.31,42.22,-273.15,-0.83,0.87,0
23.1,58.44,42.05,-18.58,-0.82,0.83,0
23.1,58.84,42.72,-273.15,-0.82,0.87,0
23.2,58.97,42.22,-38.36,-0.82,0.83,0
23.3,59.24,42.72,-273.15,-0.83,0.83,0
23.4,59.64,43.05,-273.15,-0.83,0.87,0
23.5,59.77,43.22,-30.98,-0.83,0.83,0
23.6,60.03,43.54,-273.15,-0.83,0.83,0
23.7,60.29,44.03,-52.78,-0.82,0.83,0
23.8,60.56,44.52,-273.15,-0.83,0.83,0
23.9,60.82,44.68,-273.15,-0.82,0.87,0
24.0,61.21,45.32,-15.78,-0.82,0.83,0
24.1,61.34,45.48,-273.15,-0.83,0.83,0
24.2,61.47,45.80,-43.90,-0.83,0.83,0
24.2,61.86,46.73,-14.51,-0.82,0.83,0
24.3,61.99,46.58,-273.15,-0.82,0.87,0
24.4,62.25,47.04,-38.36,-0.82,0.87,0
24.5,62.51,47.96,-273.15,-0.82,0.83,0
24.6,62.76,47.81,-273.15,-0.82,0.87,0
24.7,62.89,48.27,-21.86,-0.83,0.83,0
24.8,63.15,48.42,-273.15,-0.83,0.87,0
24.9,63.41,48.72,-38.36,-0.82,0.87,0
25.0,63.66,49.32,-273.15,-0.83,0.83,0
25.1,63.92,49.77,-273.15,-0.83,0.87,0
25.2,64.17,50.21,-12.20,-0.82,0.83,0
25.3,64.30,50.65,-273.15,-0.82,0.83,0
25.4,64.56,51.09,-34.26,-0.83,0.87,0
25.4,65.07,51.23,-273.15,-0.83,0.83,0
25.5,64.94,51.66,-273.15,-0.83,0.83,0
25.6,65.32,52.24,-13.32,-0.83,0.83,0
25.7,65.45,52.24,-273.15,-0.82,0.83,0
25.8,65.70,52.81,-38.36,-0.83,0.87,0
25.9,65.95,52.95,-273.15,-0.83,0.87,0
26.0,66.08,53.52,-273.15,-0.83,0.83,0
26.1,66.33,54.08,-15.78,-0.84,0.87,0
26.2,66.46,54.36,-273.15,-0.83,0.87,0
26.3,66.71,54.63,-52.78,-0.81,0.87,0
26.4,67.09,54.91,-273.15,-0.82,0.87,0
26.5,67.21,55.19,-273.15,-0.84,0.87,0
26.6,67.46,55.87,-12.20,-0.83,0.83,0
26.6,67.59,56.15,-273.15,-0.84,0.83,0
26.7,67.84,56.56,-34.26,-0.83,0.87,0
26.8,67.84,56.96,-273.15,-0.84,0.83,0
26.9,68.22,57.10,-273.15,-0.84,0.83,0
27.0,68.47,57.50,-23.75,-0.83,0.87,0
27.1,68.47,57.91,-34.26,-0.82,0.79,0
27.2,68.84,58.31,-38.36,-0.82,0.83,0
27.3,69.09,58.71,-21.86,-0.82,0.83,0
27.4,69.34,59.11,-273.15,-0.82,0.87,0
27.5,69.72,59.50,-38.36,-0.82,0.83,0
27.6,69.47,59.77,-273.15,-0.81,0.87,0
27.7,69.96,60.16,-273.15,-0.80,0.83,0
27.7,70.09,60.69,-273.15,-0.82,0.79,0
27.8,70.34,60.95,-273.15,-0.83,0.83,0
27.9,70.59,61.34,-23.75,-0.82,0.83,0
28.0,70.71,61.60,-273.15,-0.81,0.87,0
28.1,70.96,61.99,-43.90,-0.81,0.83,0
28.2,71.21,62.51,-13.32,-0.81,0.83,0
28.3,71.33,62.76,-273.15,-0.82,0.83,0
28.4,71.58,63.02,-34.26,-0.83,0.83,0
28.5,71.70,63.92,-273.15,-0.82,0.87,0
28.6,71.83,63.92,-30.98,-0.83,0.83,0
28.7,72.08,64.30,-18.58,-0.83,0.87,0
28.8,72.57,64.56,-273.15,-0.83,0.83,0
28.9,72.32,64.68,-38.36,-0.82,0.87,0
28.9,72.45,65.32,-273.15,-0.83,0.87,0
29.0,72.82,65.57,-273.15,-0.83,0.83,0
29.1,73.19,66.08,-18.58,-0.82,0.83,0
29.2,73.19,66.46,-273.15,-0.81,0.87,0
29.3,73.44,66.71,-38.36,-0.82,0.83,0
29.4,73.69,67.09,-273.15,-0.82,0.91,0
29.5,73.93,67.46,-43.90,-0.83,0.87,0
29.6,74.06,67.97,-273.15,-0.82,0.83,0
29.7,74.18,68.22,-34.26,-0.82,0.87,0
29.8,74.31,68.34,-273.15,-0.82,0.83,0
29.9,74.55,68.84,-28.23,-0.82,0.91,0
30.0,74.68,69.22,-273.15,-0.82,0.87,0
30.1,74.92,69.59,-38.36,-0.82,0.87,0
30.1,75.17,69.96,-273.15,-0.83,0.87,0
30.2,75.30,70.34,-52.78,-0.82,0.83,0
30.3,75.42,70.59,-273.15,-0.82,0.87,0
30.4,75.67,71.08,-273.15,-0.82,0.83,0
30.5,75.79,71.33,-25.85,-0.82,0.87,0
30.6,76.29,71.70,-273.15,-0.82,0.87,0
30.7,76.16,71.95,-43.90,-0.82,0.83,0
30.8,76.41,72.32,-38.36,-0.82,0.87,0
30.9,76.53,72.70,-273.15,-0.83,0.87,0
31.0,76.78,72.94,-43.90,-0.81,0.91,0
31.1,76.90,73.19,-273.15,-0.81,0.87,0
31.2,77.03,73.56,-43.90,-0.82,0.87,0
31.3,77.15,74.43,-273.15,-0.82,0.87,0
31.3,77.40,74.18,-273.15,-0.82,0.91,0
31.4,77.52,74.18,-34.26,-0.82,0.91,0
31.5,77.77,75.05,-273.15,-0.83,0.87,0
31.6,78.02,75.30,-38.36,-0.83,0.96,0
31.7,78.02,75.67,-34.26,-0.82,0.87,0
31.8,78.14,76.04,-273.15,-0.81,0.91,0
31.9,78.39,76.29,-38.36,-0.82,0.91,0
32.0,78.64,76.66,-21.86,-0.82,0.96,0
32.1,78.89,76.90,-38.36,-0.82,0.91,0
32.2,79.01,77.15,-20.15,-0.82,0.96,0
32.3,79.26,77.52,-273.15,-0.82,0.91,0
32.4,79.26,77.77,-43.90,-0.82,0.96,0
32.4,79.51,77.77,-273.15,-0.82,0.91,0
32.5,79.39,78.52,-273.15,-0.81,0.91,0
32.6,79.76,78.64,-25.85,-0.81,0.91,0
32.7,80.01,79.01,-273.15,-0.81,0.96,0
32.8,80.13,79.26,-43.90,-0.82,0.91,0
32.9,80.38,79.51,-273.15,-0.82,0.91,0
33.0,80.51,79.88,-52.78,-0.81,0.91,0
33.1,80.76,80.13,-30.98,-0.83,0.96,0
33.2,80.76,80.38,-273.15,-0.83,0.91,0
33.3,81.13,80.63,-43.90,-0.82,0.91,0
33.4,81.13,81.01,-273.15,-0.82,0.91,0
33.5,81.26,81.13,-273.15,-0.82,0.96,0
33.6,81.51,81.51,-38.36,-0.83,0.91,0
33.6,81.76,81.76,-273.15,-0.83,0.91,0
33.7,81.88,82.01,-43.90,-0.83,0.96,0
33.8,82.01,82.13,-273.15,-0.82,0.91,0
33.9,82.13,82.26,-273.15,-0.82,0.96,0
34.0,82.38,82.76,-38.36,-0.82,0.91,0
34.1,82.64,83.01,-273.15,-0.82,0.96,0
34.2,82.76,83.52,-52.78,-0.82,0.91,0
34.3,82.89,83.77,-38.36,-0.82,0.91,0
34.4,83.01,84.02,-273.15,-0.82,0.96,0
34.5,83.14,84.02,-43.90,-0.83,0.96,0
34.6,83.52,84.27,-273.15,-0.83,0.91,0
34.7,83.39,84.53,-273.15,-0.83,0.96,0
34.8,83.64,84.53,-43.90,-0.83,0.91,0
34.8,83.90,85.04,-273.15,-0.83,0.96,0
34.9,84.02,85.29,-38.36,-0.83,0.96,0
35.0,84.27,85.54,-273.15,-0.83,0.91,0
35.1,84.53,85.80,-52.78,-0.84,0.96,0
35.2,84.53,86.18,-20.15,-0.82,0.96,0
35.3,84.65,86.18,-273.15,-0.83,0.96,0
35.4,84.91,86.57,-43.90,-0.84,0.91,0
35.5,85.16,86.82,-273.15,-0.83,0.87,0
35.6,85.29,87.34,-273.15,-0.83,0.91,0
35.7,85.42,87.21,-43.90,-0.83,0.96,0
35.8,85.67,87.47,-273.15,-0.84,0.96,0
35.9,85.80,87.47,-43.90,-0.83,0.96,0
36.0,85.93,87.98,-273.15,-0.83,0.96,0
36.0,86.05,88.11,-273.15,-0.83,0.96,0
36.1,86.44,88.24,-25.85,-0.83,0.91,0
36.2,86.44,88.63,-273.15,-0.82,0.91,0
36.3,86.57,88.76,-38.36,-0.83,0.96,0
36.4,86.82,89.02,-273.15,-0.83,0.91,0
36.5,86.95,89.15,-273.15,-0.81,0.91,0
36.6,87.08,89.67,-25.85,-0.83,0.96,0
36.7,87.34,89.67,-273.15,-0.85,0.91,0
36.8,87.47,89.93,-38.36,-0.85,0.91,0
36.9,87.98,89.93,-20.15,-0.83,0.96,0
37.0,87.72,90.33,-273.15,-0.84,0.96,0
37.1,87.85,90.59,-21.86,-0.85,0.96,0
37.2,88.11,90.85,-273.15,-0.84,0.96,0
37.2,88.24,90.98,-43.90,-0.85,0.96,0
37.3,88.37,91.25,-11.13,-0.85,0.87,0
37.4,88.24,91.38,-273.15,-0.84,0.96,0
37.5,88.89,91.64,-38.36,-0.85,0.91,0
37.6,88.89,91.91,-273.15,-0.86,0.96,0
37.7,89.02,92.18,-273.15,-0.85,0.96,0
37.8,89.28,92.58,-15.78,-0.84,0.91,0
37.9,89.54,92.58,-273.15,-0.84,0.91,0
38.0,89.54,92.71,-28.23,-0.84,0.91,0
38.1,89.80,92.44,-13.32,-0.85,0.96,0
38.2,89.80,93.11,-273.15,-0.84,0.96,0
38.3,90.06,93.38,-10.11,-0.82,0.91,0
38.3,90.19,94.06,-273.15,-0.84,0.91,0
38.4,90.19,93.79,-34.26,-0.84,0.91,0
38.5,90.19,94.06,-273.15,-0.84,0.91,0
38.6,90.46,94.19,-273.15,-0.84,0.96,0
38.7,90.59,94.46,-23.75,-0.84,0.96,0
38.8,90.72,94.46,-273.15,-0.83,0.91,0
38.9,90.98,94.87,-38.36,-0.82,0.91,0
39.0,91.12,95.01,-273.15,-0.83,0.96,0
39.1,91.25,95.28,-273.15,-0.82,0.91,0
39.2,91.38,95.42,-25.85,-0.83,0.96,0
39.3,91.51,95.69,-273.15,-0.83,0.91,0
39.4,91.64,95.83,-28.23,-0.83,0.91,0
39.5,91.78,95.97,-273.15,-0.83,0.96,0
39.6,91.78,96.24,-15.78,-0.83,0.91,0
39.6,92.04,96.52,-43.90,-0.83,0.96,0
39.7,92.18,96.80,-273.15,-0.82,0.91,0
39.8,92.58,96.80,-38.36,-0.82,0.96,0
39.9,92.44,97.36,-11.13,-0.83,0.87,0
40.0,92.58,97.36,-273.15,-0.83,0.96,0
40.1,92.71,97.50,-34.26,-0.83,0.87,0
40.2,92.84,97.64,-273.15,-0.84,0.91,0
40.3,93.25,97.92,-273.15,-0.83,0.96,0
40.4,93.25,98.20,-13.32,-0.84,0.87,0
40.5,93.38,98.76,-273.15,-0.83,0.87,0
40.6,93.52,98.34,-273.15,-0.82,0.91,0
40.7,93.65,98.62,-273.15,-0.83,0.91,0
40.7,93.65,98.90,-273.15,-0.83,0.91,0
40.8,93.92,99.05,-18.58,-0.83,0.91,0
40.9,93.92,99.19,-273.15,-0.83,0.91,0
41.0,94.06,99.62,-38.36,-0.83,0.91,0
41.1,94.33,99.62,-273.15,-0.82,0.91,0
41.2,94.33,99.76,-273.15,-0.82,0.91,0
41.3,94.60,99.90,-25.85,-0.83,0.91,0
41.4,94.46,100.19,-273.15,-0.83,0.91,0
41.5,94.74,100.34,-43.90,-0.84,0.91,0
41.6,94.87,100.48,-23.75,-0.83,0.91,0
41.7,95.01,100.77,-273.15,-0.83,0.91,0
41.8,95.14,100.91,-273.15,-0.83,0.91,0
41.9,95.28,101.06,-25.85,-0.83,0.91,0
41.9,95.42,101.20,-43.90,-0.82,0.91,0
42.0,95.69,101.50,-18.58,-0.82,0.91,0
42.1,95.69,101.64,-273.15,-0.83,0.91,0
42.2,95.83,101.79,-38.36,-0.84,0.91,0
42.3,95.83,101.94,-273.15,-0.84,0.87,0
42.4,95.97,102.08,-273.15,-0.84,0.91,0
42.5,96.11,102.38,-4.10,-0.83,0.87,0
42.6,96.24,102.53,-273.15,-0.82,0.91,0
42.7,96.38,102.67,-38.36,-0.82,1.00,0
42.8,96.52,102.82,-23.75,-0.84,0.96,0
42.9,96.66,102.97,-30.98,-0.84,0.91,0
43.0,96.80,103.12,-34.26,-0.83,0.91,0
43.1,96.94,102.97,-273.15,-0.84,0.87,0
43.1,97.22,103.42,-34.26,-0.84,0.96,0
43.2,97.36,103.27,-273.15,-0.84,0.91,0
43.3,97.22,103.87,-273.15,-0.84,0.91,0
43.4,97.36,104.02,-23.75,-0.84,0.91,0
43.5,97.64,104.17,-273.15,-0.83,0.91,0
43.6,97.64,104.32,-273.15,-0.83,0.91,0
43.7,97.78,104.93,-14.51,-0.83,0.91,0
43.8,98.06,104.77,-273.15,-0.82,0.91,0
43.9,97.92,105.08,-28.23,-0.84,0.91,0
44.0,98.48,104.62,-273.15,-0.84,0.96,0
44.1,98.48,105.08,-38.36,-0.85,0.91,0
44.2,98.62,105.23,-34.26,-0.85,0.91,0
44.2,98.48,105.69,-273.15,-0.84,0.96,0
44.3,98.34,105.54,-38.36,-0.84,0.91,0
44.4,98.76,105.85,-273.15,-0.84,0.91,0
44.5,98.76,106.00,-273.15,-0.85,0.96,0
44.6,98.90,106.16,-11.13,-0.85,0.96,0
44.7,98.90,106.16,-273.15,-0.84,0.91,0
44.8,99.05,106.47,-28.23,-0.83,0.91,0
44.9,99.19,106.47,-52.78,-0.84,0.91,0
45.0,99.33,106.78,-273.15,-0.84,0.96,0
45.1,99.33,106.93,-30.98,-0.86,0.91,0
45.2,99.62,107.09,-273.15,-0.86,0.91,0
45.3,99.62,106.93,-34.26,-0.85,0.91,0
45.4,99.76,107.40,-17.13,-0.85,0.96,0
45.4,99.90,107.40,-273.15,-0.85,0.91,0
45.5,99.90,107.56,-25.85,-0.86,0.96,0
45.6,100.05,107.56,-273.15,-0.85,0.96,0
45.7,100.19,107.88,-34.26,-0.84,0.91,0
45.8,100.34,108.04,-25.85,-0.84,0.91,0
45.9,100.34,108.04,-273.15,-0.84,0.87,0
46.0,100.48,108.35,-30.98,-0.84,0.91,0
46.1,100.62,108.35,-273.15,-0.85,0.91,0
46.2,100.62,108.67,-273.15,-0.85,0.87,0
46.3,100.77,108.35,-21.86,-0.84,0.96,0
46.4,100.91,108.99,-273.15,-0.83,0.96,0
46.5,100.91,108.99,-28.23,-0.82,0.96,0
46.6,101.06,109.32,-18.58,-0.82,0.91,0
46.6,101.20,109.32,-273.15,-0.84,0.91,0
46.7,101.20,109.48,-14.51,-0.84,0.96,0
46.8,101.35,109.64,-273.15,-0.84,0.91,0
46.9,101.20,110.13,-34.26,-0.84,0.87,0
47.0,101.50,109.80,-34.26,-0.84,0.91,0
47.1,101.50,109.97,-38.36,-0.83,0.91,0
47.2,101.64,110.29,-25.85,-0.83,0.91,0
47.3,101.79,110.29,-273.15,-0.84,0.91,0
47.4,101.79,110.46,-43.90,-0.85,0.91,0
47.5,101.94,110.62,-273.15,-0.83,0.91,0
47.6,101.94,110.79,-273.15,-0.83,0.91,0
47.7,102.08,110.95,-21.86,-0.84,0.91,0
47.8,102.23,111.12,-17.13,-0.84,0.91,0
47.8,102.08,111.12,-273.15,-0.84,0.91,0
47.9,102.53,111.12,-18.58,-0.84,0.91,0
48.0,102.38,111.45,-273.15,-0.85,0.91,0
48.1,102.38,111.61,-43.90,-0.85,0.91,0
48.2,102.53,111.78,-273.15,-0.84,0.91,0
48.3,102.53,111.78,-43.90,-0.84,0.91,0
48.4,102.67,112.62,-23.75,-0.84,0.91,0
48.5,102.67,112.12,-273.15,-0.84,0.91,0
48.6,102.82,112.29,-25.85,-0.84,0.91,0
48.7,102.82,112.45,-273.15,-0.84,0.87,0
48.8,102.82,112.45,-273.15,-0.84,0.96,0
48.9,102.97,112.62,-52.78,-0.85,0.91,0
49.0,103.12,112.79,-52.78,-0.86,0.91,0
49.1,103.12,112.96,-273.15,-0.85,0.91,0
49.2,103.27,113.13,-273.15,-0.85,0.91,0
49.3,103.27,113.30,-25.85,-0.84,0.91,0
49.3,103.27,113.30,-273.15,-0.83,0.91,0
49.4,103.42,113.48,-25.85,-0.84,0.87,0
49.5,103.72,113.65,-273.15,-0.84,0.87,0
49.6,103.72,113.82,-25.85,-0.85,0.87,0
49.7,103.57,113.82,-273.15,-0.85,0.87,0
49.8,103.72,114.34,-23.75,-0.84,0.91,0
49.9,103.72,113.99,-273.15,-0.85,0.91,0
50.0,103.87,114.34,-25.85,-0.85,0.96,0
50.1,103.87,114.34,-273.15,-0.84,0.91,0
50.2,103.87,114.51,-43.90,-0.84,0.91,0
50.3,103.87,114.51,-273.15,-0.84,0.96,0
50.3,104.02,114.69,-23.75,-0.83,0.91,0
50.4,104.02,114.86,-273.15,-0.82,0.91,0
50.5,104.17,115.04,-34.26,-0.84,0.96,0
50.6,104.17,115.21,-273.15,-0.85,0.83,0
50.7,104.02,115.21,-34.26,-0.84,0.87,0
50.8,104.32,115.21,-273.15,-0.84,0.87,0
50.9,104.32,115.57,-43.90,-0.83,0.91,0
51.0,104.47,115.57,-13.32,-0.83,0.91,0
51.1,104.47,115.74,-273.15,-0.83,0.87,0
51.2,104.62,115.74,-43.90,-0.82,0.91,0
51.3,104.62,116.10,-15.78,-0.83,0.91,0
51.3,104.47,116.10,-273.15,-0.84,0.91,0
51.4,104.77,116.28,-12.20,-0.83,0.96,0
51.5,104.62,116.46,-273.15,-0.84,0.91,0
51.6,104.77,116.46,-30.98,-0.85,0.91,0
51.7,105.08,116.64,-273.15,-0.85,0.91,0
51.8,104.93,116.64,-52.78,-0.84,0.91,0
51.9,104.62,116.82,-25.85,-0.83,0.91,0
52.0,105.08,116.82,-273.15,-0.84,0.91,0
52.1,105.08,117.18,-38.36,-0.84,0.91,0
52.2,105.23,117.18,-273.15,-0.83,0.91,0
52.3,105.23,117.00,-273.15,-0.83,0.87,0
52.4,105.23,117.54,-38.36,-0.82,0.91,0
52.5,105.39,117.54,-273.15,-0.82,0.91,0
52.5,105.39,117.73,-34.26,-0.83,0.91,0
52.6,105.54,117.73,-273.15,-0.84,0.91,0
52.7,105.54,117.91,-273.15,-0.84,0.87,0
52.8,105.54,118.09,-34.26,-0.84,0.91,0
52.9,105.54,118.09,-273.15,-0.84,0.91,0
53.0,105.69,118.65,-38.36,-0.84,0.91,0
53.1,105.69,118.28,-20.15,-0.84,0.87,0
53.2,105.85,118.46,-273.15,-0.84,0.96,0
53.3,106.16,118.65,-30.98,-0.83,0.91,0
53.4,105.85,118.84,-273.15,-0.83,0.91,0
53.5,105.85,118.84,-34.26,-0.84,0.91,0
53.6,106.00,119.02,-23.75,-0.86,0.91,0
53.7,106.16,119.02,-273.15,-0.85,0.87,0
53.7,106.00,119.40,-28.23,-0.84,0.91,0
53.8,106.16,119.40,-273.15,-0.84,0.87,0
53.9,106.31,119.59,-43.90,-0.84,0.91,0
54.0,106.31,119.59,-14.51,-0.83,0.87,0
54.1,106.31,119.59,-273.15,-0.83,0.91,0
54.2,106.16,119.59,-43.90,-0.83,0.87,0
54.3,106.78,119.40,-273.15,-0.83,0.87,0
54.4,106.62,119.96,-273.15,-0.83,0.87,0
54.5,106.62,120.15,-10.11,-0.83,0.91,0
54.6,106.62,120.15,-273.15,-0.82,0.91,0
54.7,106.62,120.35,-273.15,-0.82,0.91,0
54.8,106.78,120.54,-11.13,-0.84,0.87,0
54.8,106.78,120.54,-273.15,-0.84,0.91,0
54.9,106.93,120.73,-23.75,-0.83,0.91,0
55.0,106.93,120.73,-273.15,-0.82,0.87,0
55.1,106.93,120.92,-34.26,-0.82,0.87,0
55.2,107.09,121.50,-273.15,-0.84,0.91,0
55.3,107.09,121.11,-273.15,-0.85,0.91,0
55.4,107.09,121.31,-28.23,-0.84,0.91,0
55.5,107.09,121.31,-273.15,-0.83,0.91,0
55.6,107.25,121.50,-38.36,-0.83,0.91,0
55.7,107.25,121.50,-34.26,-0.82,0.96,0
55.8,107.25,121.50,-273.15,-0.82,0.91,0
55.9,107.40,121.70,-43.90,-0.83,0.91,0
56.0,107.40,121.89,-38.36,-0.84,0.91,0
56.0,107.56,122.09,-28.23,-0.84,0.91,0
56.1,107.56,122.09,-10.11,-0.82,0.91,0
56.2,107.56,122.09,-273.15,-0.82,0.87,0
56.3,107.56,122.29,-38.36,-0.80,0.91,0
56.4,107.72,122.48,-273.15,-0.81,0.87,0
56.5,107.72,122.48,-273.15,-0.81,0.91,0
56.6,107.72,122.68,-10.11,-0.81,0.91,0
56.7,107.72,122.88,-273.15,-0.82,0.91,0
56.8,107.88,122.68,-28.23,-0.81,0.87,0
56.9,107.88,122.88,-273.15,-0.82,0.96,0
57.0,108.19,122.88,-43.90,-0.81,0.91,0
57.1,108.04,123.08,-43.90,-0.81,0.87,0
57.2,108.04,122.88,-273.15,-0.81,0.91,0
57.2,108.04,123.28,-38.36,-0.82,0.91,0
57.3,108.19,123.48,-273.15,-0.82,0.91,0
57.4,108.19,123.68,-273.15,-0.81,0.91,0
57.5,108.19,123.68,-25.85,-0.81,0.87,0
57.6,108.19,123.68,-273.15,-0.81,0.91,0
57.7,108.19,123.89,-38.36,-0.82,0.87,0
57.8,108.35,123.89,-273.15,-0.82,0.91,0
57.9,108.35,124.09,-273.15,-0.82,0.91,0
58.0,108.51,124.29,-28.23,-0.81,0.91,0
58.1,108.35,124.29,-273.15,-0.82,0.87,0
58.2,108.51,124.29,-25.85,-0.82,0.87,0
58.3,108.51,124.50,-273.15,-0.82,0.87,0
58.4,108.67,124.50,-21.86,-0.80,0.87,0
58.5,108.51,124.50,-273.15,-0.80,0.87,0
58.5,108.67,124.70,-30.98,-0.81,0.87,0
58.6,108.67,124.70,-273.15,-0.82,0.91,0
58.7,108.67,124.70,-23.75,-0.81,0.91,0
58.8,108.83,125.12,-273.15,-0.80,0.87,0
58.9,108.83,125.12,-38.36,-0.80,0.91,0
59.0,108.99,125.12,-273.15,-0.83,0.91,0
59.1,108.83,125.12,-273.15,-0.82,0.87,0
59.2,109.16,125.32,-12.20,-0.81,0.91,0
59.3,108.99,125.74,-273.15,-0.80,0.91,0
59.4,108.99,125.32,-273.15,-0.80,0.91,0
59.5,108.99,125.53,-15.78,-0.82,0.87,0
59.5,108.99,125.74,-273.15,-0.83,0.91,0
59.6,109.16,125.95,-15.78,-0.82,0.87,0
59.7,109.16,125.95,-273.15,-0.81,0.91,0
59.8,109.16,125.95,-38.36,-0.82,0.87,0
59.9,109.32,125.95,-273.15,-0.80,0.91,0
60.0,109.48,126.16,-273.15,-0.76,0.87,0
60.1,109.32,126.16,-23.75,-0.80,0.87,0
60.2,109.32,126.37,-273.15,-0.82,0.91,0
60.3,109.32,126.37,-273.15,-0.80,0.91,0
60.4,109.32,126.58,-34.26,-0.81,0.87,0
60.5,109.32,126.58,-273.15,-0.82,0.87,0
60.6,109.48,126.80,-30.98,-0.83,0.87,0
60.7,109.48,126.80,-273.15,-0.83,0.87,0
60.7,109.48,127.01,-38.36,-0.84,0.87,0
60.8,109.48,127.01,-10.11,-0.85,0.87,0
60.9,109.48,126.80,-273.15,-0.84,0.91,0
61.0,109.48,127.22,-38.36,-0.84,0.91,0
61.1,109.64,127.22,-273.15,-0.84,0.91,0
61.2,109.64,127.44,-273.15,-0.84,0.91,0
61.3,109.64,127.44,-25.85,-0.85,0.83,0
61.4,109.64,127.44,-273.15,-0.86,0.87,0
61.5,109.80,127.44,-30.98,-0.86,0.87,0
61.6,109.80,127.44,-273.15,-0.85,0.91,0
61.7,109.80,127.66,-273.15,-0.84,0.91,0
61.8,109.80,127.87,-25.85,-0.85,0.91,0
61.9,109.80,127.87,-273.15,-0.86,0.87,0
61.9,109.64,127.87,-25.85,-0.86,0.87,0
62.0,109.97,127.87,-273.15,-0.85,0.87,0
62.1,109.97,127.66,-273.15,-0.85,0.87,0
62.2,109.97,128.09,-20.15,-0.84,0.91,0
62.3,110.29,128.31,-273.15,-0.85,0.87,0
62.4,110.13,128.31,-34.26,-0.87,0.87,0
62.5,110.13,128.31,-273.15,-0.86,0.91,0
62.6,110.13,128.53,-273.15,-0.85,0.87,0
62.7,110.13,128.31,-21.86,-0.86,0.87,0
62.8,110.13,128.75,-273.15,-0.86,0.91,0
62.9,110.29,128.09,-273.15,-0.85,0.87,0
63.0,110.29,128.75,-21.86,-0.86,0.91,0
63.1,110.29,128.75,-273.15,-0.86,0.87,0
63.1,110.29,128.97,-34.26,-0.85,0.91,0
63.2,110.13,128.97,-273.15,-0.85,0.91,0
63.3,110.46,129.19,-43.90,-0.86,0.87,0
63.4,110.62,128.97,-273.15,-0.86,0.87,0
63.5,110.46,129.19,-273.15,-0.86,0.87,0
63.6,110.62,129.19,-23.75,-0.87,0.87,0
63.7,110.62,129.42,-273.15,-0.87,0.87,0
63.8,110.62,129.19,-38.36,-0.86,0.87,0
63.9,110.62,129.42,-11.13,-0.87,0.87,0
64.0,110.62,129.42,-273.15,-0.85,0.87,0
64.1,110.62,129.42,-273.15,-0.84,0.87,0
64.2,110.79,129.42,-12.20,-0.85,0.87,0
64.3,110.79,129.64,-52.78,-0.85,0.87,0
64.3,110.79,129.64,-11.13,-0.85,0.87,0
64.4,110.62,129.64,-273.15,-0.86,0.87,0
64.5,110.95,129.86,-52.78,-0.86,0.91,0
64.6,110.95,129.64,-273.15,-0.86,0.83,0
64.7,110.95,129.86,-273.15,-0.85,0.87,0
64.8,110.95,130.09,-15.78,-0.86,0.83,0
64.9,110.95,130.09,-273.15,-0.86,0.87,0
65.0,111.12,130.09,-38.36,-0.85,0.87,0
65.1,111.12,130.32,-273.15,-0.85,0.83,0
65.2,111.12,129.64,-273.15,-0.84,0.91,0
65.3,111.12,130.32,-38.36,-0.85,0.87,0
65.4,111.28,130.32,-273.15,-0.85,0.91,0
65.4,111.28,130.32,-38.36,-0.84,0.87,0
65.5,111.28,130.54,-273.15,-0.84,0.87,0
65.6,111.28,130.54,-273.15,-0.84,0.87,0
65.7,111.28,130.54,-17.13,-0.84,0.87,0
65.8,111.45,130.54,-273.15,-0.85,0.83,0
65.9,111.45,130.54,-43.90,-0.85,0.91,0
66.0,111.45,130.54,-11.13,-0.85,0.87,0
66.1,111.45,130.54,-273.15,-0.85,0.87,0
66.2,111.45,130.77,-38.36,-0.84,0.87,0
66.3,111.61,130.77,-273.15,-0.84,0.91,0
66.4,111.61,130.77,-273.15,-0.85,0.87,0
66.5,111.61,131.00,-30.98,-0.83,0.87,0
66.6,111.78,131.00,-273.15,-0.83,0.87,0
66.6,111.61,130.77,-34.26,-0.83,0.87,0
66.7,111.78,130.77,-273.15,-0.84,0.91,0
66.8,111.78,131.00,-273.15,-0.85,0.91,0
66.9,111.78,131.46,-17.13,-0.85,0.87,0
67.0,111.78,131.23,-273.15,-0.86,0.87,0
67.1,111.95,131.23,-34.26,-0.85,0.87,0
67.2,111.78,131.23,-273.15,-0.84,0.87,0
67.3,111.95,131.23,-273.15,-0.84,0.87,0
67.4,111.95,131.23,-25.85,-0.85,0.87,0
67.5,111.95,131.23,-273.15,-0.86,0.83,0
67.6,111.95,131.46,-273.15,-0.86,0.87,0
67.7,112.12,131.93,-273.15,-0.86,0.87,0
67.8,112.12,131.69,-13.32,-0.86,0.87,0
67.9,112.29,131.46,-273.15,-0.86,0.91,0
67.9,112.12,131.46,-10.11,-0.85,0.87,0
68.0,112.12,131.69,-273.15,-0.84,0.87,0
68.1,112.29,131.69,-13.32,-0.86,0.87,0
68.2,112.29,131.69,-273.15,-0.87,0.87,0
68.3,112.29,131.69,-21.86,-0.85,0.91,0
68.4,112.29,131.46,-273.15,-0.85,0.87,0
68.5,112.29,132.16,-38.36,-0.84,0.91,0
68.6,112.45,131.93,-13.32,-0.85,0.87,0
68.7,112.45,131.93,-273.15,-0.85,0.91,0
68.8,112.45,131.93,-34.26,-0.85,0.87,0
68.9,112.45,131.93,-273.15,-0.86,0.87,0
69.0,112.62,131.93,-43.90,-0.85,0.87,0
69.0,112.62,131.69,-12.20,-0.85,0.87,0
69.1,112.62,132.16,-273.15,-0.86,0.83,0
69.2,112.62,131.93,-34.26,-0.86,0.87,0
69.3,112.62,132.16,-273.15,-0.84,0.87,0
69.4,112.62,132.16,-273.15,-0.83,0.83,0
69.5,112.79,132.40,-14.51,-0.84,0.87,0
69.6,113.13,131.46,-273.15,-0.84,0.87,0
69.7,112.79,132.16,-34.26,-0.84,0.87,0
69.8,112.79,131.93,-273.15,-0.85,0.87,0
69.9,112.96,132.16,-273.15,-0.84,0.87,0
70.0,112.96,132.40,-38.36,-0.85,0.91,0
70.1,112.96,132.40,-273.15,-0.84,0.87,0
70.2,112.96,132.16,-38.36,-0.84,0.87,0
70.2,113.13,132.40,-273.15,-0.85,0.87,0
70.3,113.13,132.40,-273.15,-0.86,0.83,0
70.4,113.13,132.40,-20.15,-0.84,0.83,0
70.5,112.96,132.63,-273.15,-0.84,0.91,0
70.6,113.30,132.40,-34.26,-0.85,0.87,0
70.7,113.30,132.63,-14.51,-0.85,0.87,0
70.8,113.13,132.40,-273.15,-0.85,0.83,0
70.9,113.30,132.63,-52.78,-0.86,0.87,0
71.0,113.30,132.63,-38.36,-0.86,0.87,0
71.1,113.65,132.63,-43.90,-0.87,0.87,0
71.2,113.30,132.63,-23.75,-0.87,0.87,0
71.3,113.30,132.87,-273.15,-0.86,0.83,0
71.3,113.30,132.63,-34.26,-0.85,0.87,0
71.4,113.48,132.87,-273.15,-0.84,0.83,0
71.5,113.48,132.16,-38.36,-0.84,0.87,0
71.6,113.48,132.63,-23.75,-0.85,0.87,0
71.7,113.65,132.63,-273.15,-0.85,0.87,0
71.8,113.65,132.87,-30.98,-0.86,0.83,0
71.9,113.65,132.63,-273.15,-0.86,0.83,0
72.0,113.65,132.87,-273.15,-0.86,0.87,0
72.1,113.48,132.63,-18.58,-0.86,0.87,0
72.2,113.65,132.87,-273.15,-0.86,0.87,0
72.3,113.65,132.87,-43.90,-0.86,0.87,0
72.4,113.82,132.87,-273.15,-0.85,0.83,0
72.5,113.82,133.11,-273.15,-0.85,0.87,0
72.5,113.82,133.11,-14.51,-0.85,0.87,0
72.6,113.82,133.11,-273.15,-0.84,0.83,0
72.7,114.16,132.87,-34.26,-0.84,0.87,0
72.8,113.99,133.11,-23.75,-0.85,0.87,0
72.9,113.99,133.11,-43.90,-0.86,0.87,0
73.0,113.99,132.87,-34.26,-0.86,0.87,0
73.1,113.99,133.59,-273.15,-0.85,0.87,0
73.2,114.16,133.11,-43.90,-0.85,0.91,0
73.3,114.16,133.11,-273.15,-0.85,0.87,0
73.4,114.16,133.11,-34.26,-0.84,0.87,0
73.5,114.16,133.11,-273.15,-0.84,0.87,0
73.6,114.16,133.11,-23.75,-0.85,0.87,0
73.7,114.34,133.11,-273.15,-0.86,0.87,0
73.7,114.34,133.35,-17.13,-0.85,0.87,0
73.8,114.34,133.11,-273.15,-0.86,0.87,0
73.9,113.99,133.11,-34.26,-0.86,0.87,0
74.0,114.34,133.11,-273.15,-0.86,0.83,0
74.1,114.34,133.35,-52.78,-0.86,0.87,0
74.2,114.34,133.35,-20.15,-0.86,0.87,0
74.3,114.51,133.11,-273.15,-0.84,0.87,0
74.4,114.51,133.35,-38.36,-0.85,0.87,0
74.5,114.51,133.35,-20.15,-0.86,0.87,0
74.6,114.69,133.11,-273.15,-0.86,0.91,0
74.7,114.51,133.35,-15.78,-0.85,0.87,0
74.8,114.51,133.35,-273.15,-0.85,0.83,0
74.8,114.51,133.35,-52.78,-0.87,0.87,0
74.9,114.51,133.35,-273.15,-0.86,0.87,0
75.0,114.69,133.35,-38.36,-0.87,0.87,0
75.1,114.51,133.35,-23.75,-0.88,0.87,0
75.2,114.69,133.35,-273.15,-0.88,0.91,0
75.3,114.69,133.35,-34.26,-0.88,0.87,0
75.4,114.69,133.35,-273.15,-0.87,0.87,0
75.5,114.69,133.11,-273.15,-0.85,0.87,0
75.6,114.86,133.35,-20.15,-0.84,0.87,0
75.7,114.69,133.35,-21.86,-0.84,0.87,0
75.8,114.69,133.35,-273.15,-0.83,0.87,0
75.9,114.86,133.59,-25.85,-0.83,0.87,0
76.0,114.86,133.35,-273.15,-0.84,0.87,0
76.0,114.86,133.35,-25.85,-0.84,0.87,0
