T+,TEMP1,TEMP2,TEMP3,LOAD,PRESSURE,VALVE
-5.4,19.68,21.15,-38.36,-0.09,1.0,0
-5.3,19.98,21.44,-14.51,-0.09,1.0,0
-5.2,20.57,20.86,-43.9,-0.09,1.0,0
-5.2,19.68,20.28,-273.15,-0.09,1.0,0
-5.1,19.98,20.86,-273.15,-0.09,1.0,0
-5.0,19.68,21.15,-25.85,-0.09,1.0,0
-4.9,20.28,20.86,-273.15,-0.09,1.0,0
-4.8,20.28,21.15,-273.15,-0.08,1.0,0
-4.7,19.68,21.15,-21.86,-0.09,1.0,0
-4.6,19.38,21.15,-273.15,-0.08,0.96,0
-4.6,19.07,20.57,-273.15,-0.09,1.0,0
-4.5,19.98,20.86,-25.85,-0.08,1.0,0
-4.4,19.98,21.15,-34.26,-0.08,1.0,0
-4.3,19.98,20.86,-28.23,-0.08,0.96,0
-4.2,19.98,20.86,-273.15,-0.09,1.0,0
-4.1,20.28,20.86,-34.26,-0.09,0.96,0
-4.0,19.68,21.15,-273.15,-0.09,0.96,0
-3.9,19.98,20.86,-273.15,-0.09,1.0,0
-3.8,19.98,20.86,-273.15,-0.08,1.0,0
-3.7,19.98,20.86,-273.15,-0.08,1.0,0
-3.6,20.28,20.86,-21.86,-0.09,1.0,0
-3.5,19.98,20.86,-273.15,-0.09,1.0,0
-3.5,19.98,20.86,-38.36,-0.08,1.0,0
-3.4,19.38,21.15,-11.13,-0.08,1.0,0
-3.3,19.98,20.28,-273.15,-0.08,1.0,0
-3.2,19.98,20.86,-34.26,-0.08,1.0,0
-3.1,20.28,21.15,-273.15,-0.08,1.0,0
-3.0,19.98,20.28,-273.15,-0.07,0.96,0
-2.9,20.28,20.86,-15.78,-0.08,1.0,0
-2.8,19.98,21.72,-273.15,-0.08,1.0,0
-2.7,19.98,20.28,-38.36,-0.08,1.0,0
-2.6,19.98,20.86,-273.15,-0.07,1.0,0
-2.5,19.98,20.86,-273.15,-0.07,0.96,0
-2.4,19.68,20.86,-12.2,-0.08,1.0,0
-2.4,19.38,20.86,-273.15,-0.07,1.0,0
-2.3,19.07,20.57,-34.26,-0.07,1.0,0
-2.2,20.57,20.86,-273.15,-0.08,0.96,0
-2.1,20.57,21.15,-43.9,-0.09,1.0,0
-2.0,19.98,20.86,-10.11,-0.09,1.0,0
-1.9,20.28,20.86,-273.15,-0.09,1.0,0
-1.8,19.98,20.28,-273.15,-0.09,0.96,0
-1.7,19.38,21.15,-273.15,-0.08,1.0,0
-1.6,19.68,21.44,-273.15,-0.08,1.0,0
-1.5,20.28,21.15,-5.66,-0.08,1.0,0
-1.4,20.28,21.72,-273.15,-0.08,1.0,0
-1.3,19.98,20.86,-34.26,-0.08,1.0,0
-1.2,19.98,21.15,-34.26,-0.09,1.0,0
-1.1,19.68,20.86,-34.26,-0.09,1.0,0
-1.0,19.98,20.86,-38.36,-0.09,1.0,0
-0.9,19.98,20.86,-30.98,-0.08,1.0,0
-0.8,19.98,21.72,-28.23,-0.08,1.0,0
-0.7,19.68,20.86,-43.9,-0.09,0.96,0
-0.6,19.98,21.15,-273.15,-0.09,1.0,0
-0.5,20.28,20.86,-273.15,-0.1,0.96,0
-0.5,19.68,20.57,-273.15,-0.1,0.96,0
-0.4,19.98,20.86,-273.15,-0.09,1.0,0
-0.3,19.68,20.86,-12.2,-0.09,1.0,0
-0.2,20.86,20.28,-28.23,-0.09,1.0,0
-0.1,19.98,20.57,-273.15,-0.09,1.0,0
0.0,20.28,20.86,-273.15,-0.09,1.0,1
0.1,20.28,20.86,-34.26,-0.09,1.0,1
0.1,19.98,20.86,-273.15,-0.09,2.43,1
0.2,19.98,20.86,-273.15,-0.08,5.6,1
0.3,19.68,20.86,-30.98,0.89,7.92,1
0.4,19.68,20.86,-273.15,13.19,8.09,1
0.5,19.98,20.86,-43.9,27.07,8.14,1
0.6,20.28,20.86,-34.26,31.46,8.01,1
0.7,19.68,21.15,-273.15,33.21,8.05,1
0.8,19.98,20.86,-43.9,34.4,7.92,1
0.9,19.98,20.86,-273.15,35.39,8.05,1
1.0,20.28,20.86,-38.36,36.19,8.09,1
1.1,20.86,21.44,-13.32,36.59,8.09,1
1.1,19.98,21.15,-273.15,36.73,8.26,1
1.2,19.98,21.15,-34.26,36.96,8.26,1
1.3,20.28,21.15,-273.15,37.14,8.22,1
1.4,20.28,21.44,-273.15,37.29,8.52,1
1.5,19.98,21.44,-18.58,37.54,8.35,1
1.6,19.68,21.72,-273.15,37.84,8.47,1
1.7,20.28,21.44,-25.85,38.0,8.43,1
1.8,20.28,21.44,-273.15,38.08,8.35,1
1.9,20.28,21.72,-43.9,38.2,8.35,1
2.0,20.28,21.72,-34.26,38.38,8.26,1
2.1,20.28,21.72,-273.15,38.54,8.47,1
2.2,20.28,22.0,-34.26,38.66,8.43,1
2.3,19.98,22.0,-273.15,38.8,8.39,1
2.4,20.28,22.0,-273.15,38.91,8.18,1
2.4,20.57,22.28,-25.85,39.01,8.3,1
2.5,20.28,22.56,-273.15,39.11,8.18,1
2.6,20.28,22.56,-38.36,39.21,8.43,1
2.7,20.57,22.56,-273.15,39.29,8.3,1
2.8,20.57,22.83,-273.15,39.41,8.26,1
2.9,20.57,23.1,-20.15,39.49,8.22,1
3.0,20.86,22.83,-273.15,39.58,8.26,1
3.1,20.86,23.1,-38.36,39.69,8.09,1
3.2,21.15,23.91,-273.15,39.75,8.26,1
3.3,21.15,23.1,-273.15,35.69,8.3,1
3.4,21.15,22.28,-28.23,13.62,8.22,1
3.5,21.44,23.1,-273.15,0.45,8.3,1
3.5,21.44,23.37,-34.26,-0.28,8.3,1
3.6,21.44,23.37,-273.15,-0.32,8.47,1
3.7,21.72,23.64,-273.15,-0.33,8.6,1
3.8,22.0,24.69,-17.13,-0.34,8.56,1
3.9,22.0,23.91,-273.15,-0.39,8.6,1
4.0,22.0,23.91,-34.26,-0.41,8.3,1
4.1,22.28,24.17,-11.13,-0.39,8.39,1
4.2,22.28,23.91,-273.15,-0.38,8.35,1
4.3,22.28,24.17,-43.9,-0.39,8.3,1
4.4,22.56,24.17,-273.15,-0.4,8.56,1
4.5,22.83,24.17,-273.15,-0.41,8.26,1
4.6,22.83,24.43,-273.15,-0.41,8.26,1
4.7,22.83,24.43,-30.98,-0.44,7.59,1
4.8,23.1,24.43,-273.15,-0.47,5.47,1
4.8,23.64,24.69,-12.2,-0.5,1.04,1
4.9,23.1,23.91,-273.15,-0.57,-0.77,1
5.0,23.64,24.17,-28.23,-0.7,-0.69,1
5.1,23.91,24.69,-273.15,-0.76,-0.52,1
5.2,23.91,24.95,-38.36,-0.78,-0.31,1
5.3,23.91,25.46,-21.86,-0.78,-0.18,1
5.4,24.43,25.2,-273.15,-0.79,-0.01,1
5.5,24.43,24.95,-30.98,-0.8,0.11,1
5.6,24.69,25.2,-273.15,-0.8,0.2,1
5.7,24.95,25.2,-52.78,-0.8,0.28,1
5.8,24.95,24.69,-28.23,-0.8,0.37,1
5.9,25.2,25.2,-273.15,-0.8,0.45,1
5.9,25.46,25.46,-34.26,-0.81,0.53,1
6.0,25.71,25.46,-273.15,-0.8,0.53,1
6.1,25.96,25.2,-273.15,-0.8,0.62,1
6.2,25.71,25.46,-28.23,-0.79,0.66,1
6.3,26.45,24.95,-273.15,-0.8,0.7,1
6.4,26.7,25.71,-25.85,-0.79,0.7,1
6.5,26.94,25.71,-273.15,-0.79,0.75,1
6.6,26.94,25.71,-52.78,-0.79,0.79,1
6.7,27.18,25.71,-14.51,-0.8,0.79,1
6.8,27.42,26.45,-273.15,-0.8,0.83,1
6.9,27.66,25.96,-38.36,-0.79,0.83,0
7.0,27.89,26.2,-10.11,-0.77,0.83,0
7.1,28.13,25.96,-38.36,-0.78,0.83,0
7.1,28.36,26.2,-12.2,-0.78,0.87,0
7.2,28.82,26.2,-273.15,-0.77,0.87,0
7.3,28.82,26.45,-34.26,-0.77,0.87,0
7.4,29.05,26.45,-273.15,-0.77,0.87,0
7.5,29.95,26.2,-273.15,-0.76,0.91,0
7.6,29.73,26.2,-21.86,-0.77,0.91,0
7.7,29.95,26.7,-273.15,-0.79,0.91,0
7.8,29.95,26.7,-34.26,-0.79,0.91,0
7.9,30.4,27.18,-273.15,-0.78,0.87,0
8.0,30.4,26.45,-273.15,-0.77,0.87,0
8.1,30.84,26.94,-23.75,-0.77,0.87,0
8.2,31.05,26.7,-273.15,-0.77,0.87,0
8.3,31.27,26.94,-38.36,-0.77,0.91,0
8.3,31.27,27.18,-273.15,-0.76,0.87,0
8.4,31.7,27.18,-273.15,-0.76,0.91,0
8.5,32.12,27.42,-12.2,-0.77,0.91,0
8.6,32.33,27.18,-273.15,-0.78,0.96,0
8.7,32.54,27.18,-38.36,-0.78,0.91,0
8.8,32.95,27.42,-12.2,-0.77,0.91,0
8.9,33.16,26.7,-273.15,-0.77,0.91,0
9.0,33.36,26.94,-34.26,-0.77,0.91,0
9.1,33.57,27.42,-273.15,-0.76,0.91,0
9.2,33.77,27.42,-273.15,-0.75,0.91,0
9.3,33.97,27.42,-273.15,-0.77,0.91,0
9.4,34.17,27.89,-273.15,-0.76,0.91,0
9.5,34.57,27.66,-43.9,-0.77,0.87,0
9.5,34.97,27.66,-273.15,-0.78,0.96,0
9.6,34.97,28.13,-34.26,-0.77,0.91,0
9.7,35.16,28.36,-20.15,-0.77,0.91,0
9.8,35.36,27.66,-273.15,-0.76,0.96,0
9.9,36.32,28.13,-34.26,-0.77,0.96,0
10.0,35.94,28.13,-273.15,-0.77,0.87,0
10.1,36.32,28.13,-52.78,-0.76,0.96,0
10.2,36.7,28.59,-9.15,-0.77,1.0,0
10.3,36.7,28.82,-273.15,-0.78,0.87,0
10.4,37.08,27.42,-30.98,-0.77,0.91,0
10.5,37.26,29.28,-273.15,-0.77,1.0,0
10.6,37.63,28.36,-273.15,-0.77,0.91,0
10.6,38.0,28.59,-34.26,-0.76,0.87,0
10.7,38.19,28.59,-273.15,-0.75,0.91,0
10.8,38.55,28.59,-25.85,-0.76,0.91,0
10.9,38.73,29.05,-52.78,-0.77,0.91,0
11.0,38.73,28.82,-38.36,-0.78,0.91,0
11.1,39.27,29.73,-20.15,-0.76,0.96,0
11.2,39.63,29.28,-273.15,-0.77,0.96,0
11.3,39.63,29.05,-23.75,-0.77,0.91,0
11.4,39.98,29.28,-273.15,-0.79,1.0,0
11.5,39.8,29.28,-273.15,-0.8,0.91,0
11.6,40.5,29.95,-14.51,-0.79,0.96,0
11.7,40.85,29.51,-273.15,-0.82,0.91,0
11.8,41.02,29.51,-38.36,-0.83,0.96,0
11.8,41.54,29.28,-30.98,-0.82,0.91,0
11.9,41.54,29.05,-273.15,-0.83,0.87,0
12.0,42.05,29.73,-25.85,-0.85,0.96,0
12.1,42.22,29.73,-273.15,-0.86,0.91,0
12.2,42.55,29.73,-38.36,-0.86,0.96,0
12.3,42.72,29.95,-34.26,-0.86,0.91,0
12.4,42.72,29.95,-273.15,-0.86,0.91,0
12.5,43.22,29.73,-20.15,-0.87,0.91,0
12.6,43.54,29.95,-273.15,-0.86,0.96,0
12.7,44.2,29.51,-38.36,-0.87,0.91,0
12.8,44.2,29.51,-30.98,-0.89,0.91,0
12.9,44.52,29.95,-273.15,-0.88,0.91,0
12.9,44.52,30.4,-34.26,-0.88,0.91,0
13.0,45.0,30.4,-273.15,-0.86,0.87,0
13.1,45.16,30.84,-273.15,-0.86,0.96,0
13.2,45.48,30.84,-21.86,-0.86,0.87,0
13.3,45.8,30.62,-273.15,-0.86,0.91,0
13.4,46.11,31.05,-38.36,-0.85,0.96,0
13.5,46.42,31.05,-273.15,-0.85,0.91,0
13.6,46.89,31.05,-273.15,-0.85,0.96,0
13.7,47.04,32.12,-14.51,-0.87,0.91,0
13.8,47.2,31.27,-273.15,-0.87,0.91,0
13.9,47.51,31.7,-28.23,-0.87,0.91,0
14.0,47.66,32.12,-273.15,-0.86,0.91,0
14.1,48.42,32.12,-34.26,-0.87,0.87,0
14.1,48.42,32.12,-25.85,-0.87,0.96,0
14.2,48.57,32.54,-273.15,-0.86,0.91,0
14.3,49.02,32.54,-25.85,-0.86,0.91,0
14.4,49.02,32.75,-273.15,-0.85,0.91,0
14.5,49.62,33.36,-28.23,-0.83,0.87,0
14.6,49.62,33.16,-30.98,-0.83,0.91,0
14.7,49.91,33.36,-273.15,-0.83,0.87,0
14.8,50.35,33.97,-34.26,-0.82,0.91,0
14.9,50.5,33.77,-52.78,-0.83,0.91,0
15.0,50.79,33.77,-52.78,-0.82,0.83,0
15.1,51.09,33.77,-23.75,-0.81,0.91,0
15.2,51.52,34.37,-273.15,-0.81,0.83,0
15.3,51.66,34.77,-38.36,-0.82,0.83,0
15.3,51.95,34.77,-273.15,-0.82,0.87,0
15.4,52.24,35.16,-273.15,-0.83,0.91,0
15.5,52.52,35.55,-52.78,-0.82,0.87,0
15.6,52.81,35.55,-273.15,-0.83,0.87,0
15.7,53.09,35.94,-52.78,-0.82,0.87,0
15.8,53.37,36.32,-9.15,-0.81,0.87,0
15.9,53.66,37.08,-34.26,-0.82,0.87,0
16.0,53.66,36.51,-34.26,-0.82,0.91,0
16.1,53.94,37.82,-273.15,-0.83,0.83,0
16.2,54.36,37.08,-273.15,-0.83,0.83,0
16.3,54.49,37.45,-28.23,-0.83,0.83,0
16.4,55.05,37.82,-273.15,-0.83,0.83,0
16.5,55.19,38.0,-25.85,-0.82,0.83,0
16.5,55.46,38.19,-273.15,-0.82,0.87,0
16.6,55.74,38.37,-38.36,-0.82,0.87,0
16.7,56.01,38.19,-15.78,-0.83,0.83,0
16.8,56.28,39.45,-273.15,-0.83,0.83,0
16.9,56.56,39.27,-30.98,-0.83,0.83,0
17.0,56.83,39.63,-273.15,-0.83,0.83,0
17.1,57.1,39.63,-273.15,-0.82,0.83,0
17.2,57.5,40.15,-21.86,-0.8,0.83,0
17.3,57.64,40.5,-273.15,-0.8,0.83,0
17.4,57.91,40.85,-34.26,-0.82,0.83,0
17.5,58.04,41.02,-273.15,-0.82,0.83,0
17.6,58.31,42.22,-273.15,-0.83,0.87,0
17.7,58.44,42.05,-18.58,-0.82,0.83,0
17.7,58.84,42.72,-273.15,-0.82,0.87,0
17.8,58.97,42.22,-38.36,-0.82,0.83,0
17.9,59.24,42.72,-273.15,-0.83,0.83,0
18.0,59.64,43.05,-273.15,-0.83,0.87,0
18.1,59.77,43.22,-30.98,-0.83,0.83,0
18.2,60.03,43.54,-273.15,-0.83,0.83,0
18.3,60.29,44.03,-52.78,-0.82,0.83,0
18.4,60.56,44.52,-273.15,-0.83,0.83,0
18.5,60.82,44.68,-273.15,-0.82,0.87,0
18.6,61.21,45.32,-15.78,-0.82,0.83,0
18.7,61.34,45.48,-273.15,-0.83,0.83,0
18.8,61.47,45.8,-43.9,-0.83,0.83,0
18.8,61.86,46.73,-14.51,-0.82,0.83,0
18.9,61.99,46.58,-273.15,-0.82,0.87,0
19.0,62.25,47.04,-38.36,-0.82,0.87,0
19.1,62.51,47.96,-273.15,-0.82,0.83,0
19.2,62.76,47.81,-273.15,-0.82,0.87,0
19.3,62.89,48.27,-21.86,-0.83,0.83,0
19.4,63.15,48.42,-273.15,-0.83,0.87,0
19.5,63.41,48.72,-38.36,-0.82,0.87,0
19.6,63.66,49.32,-273.15,-0.83,0.83,0
19.7,63.92,49.77,-273.15,-0.83,0.87,0
19.8,64.17,50.21,-12.2,-0.82,0.83,0
19.9,64.3,50.65,-273.15,-0.82,0.83,0
20.0,64.56,51.09,-34.26,-0.83,0.87,0
20.0,65.07,51.23,-273.15,-0.83,0.83,0
20.1,64.94,51.66,-273.15,-0.83,0.83,0
20.2,65.32,52.24,-13.32,-0.83,0.83,0
20.3,65.45,52.24,-273.15,-0.82,0.83,0
20.4,65.7,52.81,-38.36,-0.83,0.87,0
20.5,65.95,52.95,-273.15,-0.83,0.87,0
20.6,66.08,53.52,-273.15,-0.83,0.83,0
20.7,66.33,54.08,-15.78,-0.84,0.87,0
20.8,66.46,54.36,-273.15,-0.83,0.87,0
20.9,66.71,54.63,-52.78,-0.81,0.87,0
21.0,67.09,54.91,-273.15,-0.82,0.87,0
21.1,67.21,55.19,-273.15,-0.84,0.87,0
21.2,67.46,55.87,-12.2,-0.83,0.83,0
21.2,67.59,56.15,-273.15,-0.84,0.83,0
21.3,67.84,56.56,-34.26,-0.83,0.87,0
21.4,67.84,56.96,-273.15,-0.84,0.83,0
21.5,68.22,57.1,-273.15,-0.84,0.83,0
21.6,68.47,57.5,-23.75,-0.83,0.87,0
21.7,68.47,57.91,-34.26,-0.82,0.79,0
21.8,68.84,58.31,-38.36,-0.82,0.83,0
21.9,69.09,58.71,-21.86,-0.82,0.83,0
22.0,69.34,59.11,-273.15,-0.82,0.87,0
22.1,69.72,59.5,-38.36,-0.82,0.83,0
22.2,69.47,59.77,-273.15,-0.81,0.87,0
22.3,69.96,60.16,-273.15,-0.8,0.83,0
22.3,70.09,60.69,-273.15,-0.82,0.79,0
22.4,70.34,60.95,-273.15,-0.83,0.83,0
22.5,70.59,61.34,-23.75,-0.82,0.83,0
22.6,70.71,61.6,-273.15,-0.81,0.87,0
22.7,70.96,61.99,-43.9,-0.81,0.83,0
22.8,71.21,62.51,-13.32,-0.81,0.83,0
22.9,71.33,62.76,-273.15,-0.82,0.83,0
23.0,71.58,63.02,-34.26,-0.83,0.83,0
23.1,71.7,63.92,-273.15,-0.82,0.87,0
23.2,71.83,63.92,-30.98,-0.83,0.83,0
23.3,72.08,64.3,-18.58,-0.83,0.87,0
23.4,72.57,64.56,-273.15,-0.83,0.83,0
23.5,72.32,64.68,-38.36,-0.82,0.87,0
23.5,72.45,65.32,-273.15,-0.83,0.87,0
23.6,72.82,65.57,-273.15,-0.83,0.83,0
23.7,73.19,66.08,-18.58,-0.82,0.83,0
23.8,73.19,66.46,-273.15,-0.81,0.87,0
23.9,73.44,66.71,-38.36,-0.82,0.83,0
24.0,73.69,67.09,-273.15,-0.82,0.91,0
24.1,73.93,67.46,-43.9,-0.83,0.87,0
24.2,74.06,67.97,-273.15,-0.82,0.83,0
24.3,74.18,68.22,-34.26,-0.82,0.87,0
24.4,74.31,68.34,-273.15,-0.82,0.83,0
24.5,74.55,68.84,-28.23,-0.82,0.91,0
24.6,74.68,69.22,-273.15,-0.82,0.87,0
24.7,74.92,69.59,-38.36,-0.82,0.87,0
24.7,75.17,69.96,-273.15,-0.83,0.87,0
24.8,75.3,70.34,-52.78,-0.82,0.83,0
24.9,75.42,70.59,-273.15,-0.82,0.87,0
25.0,75.67,71.08,-273.15,-0.82,0.83,0
25.1,75.79,71.33,-25.85,-0.82,0.87,0
25.2,76.29,71.7,-273.15,-0.82,0.87,0
25.3,76.16,71.95,-43.9,-0.82,0.83,0
25.4,76.41,72.32,-38.36,-0.82,0.87,0
25.5,76.53,72.7,-273.15,-0.83,0.87,0
25.6,76.78,72.94,-43.9,-0.81,0.91,0
25.7,76.9,73.19,-273.15,-0.81,0.87,0
25.8,77.03,73.56,-43.9,-0.82,0.87,0
25.9,77.15,74.43,-273.15,-0.82,0.87,0
25.9,77.4,74.18,-273.15,-0.82,0.91,0
26.0,77.52,74.18,-34.26,-0.82,0.91,0
26.1,77.77,75.05,-273.15,-0.83,0.87,0
26.2,78.02,75.3,-38.36,-0.83,0.96,0
26.3,78.02,75.67,-34.26,-0.82,0.87,0
26.4,78.14,76.04,-273.15,-0.81,0.91,0
26.5,78.39,76.29,-38.36,-0.82,0.91,0
26.6,78.64,76.66,-21.86,-0.82,0.96,0
26.7,78.89,76.9,-38.36,-0.82,0.91,0
26.8,79.01,77.15,-20.15,-0.82,0.96,0
26.9,79.26,77.52,-273.15,-0.82,0.91,0
27.0,79.26,77.77,-43.9,-0.82,0.96,0
27.0,79.51,77.77,-273.15,-0.82,0.91,0
27.1,79.39,78.52,-273.15,-0.81,0.91,0
27.2,79.76,78.64,-25.85,-0.81,0.91,0
27.3,80.01,79.01,-273.15,-0.81,0.96,0
27.4,80.13,79.26,-43.9,-0.82,0.91,0
27.5,80.38,79.51,-273.15,-0.82,0.91,0
27.6,80.51,79.88,-52.78,-0.81,0.91,0
27.7,80.76,80.13,-30.98,-0.83,0.96,0
27.8,80.76,80.38,-273.15,-0.83,0.91,0
27.9,81.13,80.63,-43.9,-0.82,0.91,0
28.0,81.13,81.01,-273.15,-0.82,0.91,0
28.1,81.26,81.13,-273.15,-0.82,0.96,0
28.2,81.51,81.51,-38.36,-0.83,0.91,0
28.2,81.76,81.76,-273.15,-0.83,0.91,0
28.3,81.88,82.01,-43.9,-0.83,0.96,0
28.4,82.01,82.13,-273.15,-0.82,0.91,0
28.5,82.13,82.26,-273.15,-0.82,0.96,0
28.6,82.38,82.76,-38.36,-0.82,0.91,0
28.7,82.64,83.01,-273.15,-0.82,0.96,0
28.8,82.76,83.52,-52.78,-0.82,0.91,0
28.9,82.89,83.77,-38.36,-0.82,0.91,0
29.0,83.01,84.02,-273.15,-0.82,0.96,0
29.1,83.14,84.02,-43.9,-0.83,0.96,0
29.2,83.52,84.27,-273.15,-0.83,0.91,0
29.3,83.39,84.53,-273.15,-0.83,0.96,0
29.4,83.64,84.53,-43.9,-0.83,0.91,0
29.4,83.9,85.04,-273.15,-0.83,0.96,0
29.5,84.02,85.29,-38.36,-0.83,0.96,0
29.6,84.27,85.54,-273.15,-0.83,0.91,0
29.7,84.53,85.8,-52.78,-0.84,0.96,0
29.8,84.53,86.18,-20.15,-0.82,0.96,0
29.9,84.65,86.18,-273.15,-0.83,0.96,0
30.0,84.91,86.57,-43.9,-0.84,0.91,0
30.1,85.16,86.82,-273.15,-0.83,0.87,0
30.2,85.29,87.34,-273.15,-0.83,0.91,0
30.3,85.42,87.21,-43.9,-0.83,0.96,0
30.4,85.67,87.47,-273.15,-0.84,0.96,0
30.5,85.8,87.47,-43.9,-0.83,0.96,0
30.6,85.93,87.98,-273.15,-0.83,0.96,0
30.6,86.05,88.11,-273.15,-0.83,0.96,0
30.7,86.44,88.24,-25.85,-0.83,0.91,0
30.8,86.44,88.63,-273.15,-0.82,0.91,0
30.9,86.57,88.76,-38.36,-0.83,0.96,0
31.0,86.82,89.02,-273.15,-0.83,0.91,0
31.1,86.95,89.15,-273.15,-0.81,0.91,0
31.2,87.08,89.67,-25.85,-0.83,0.96,0
31.3,87.34,89.67,-273.15,-0.85,0.91,0
31.4,87.47,89.93,-38.36,-0.85,0.91,0
31.5,87.98,89.93,-20.15,-0.83,0.96,0
31.6,87.72,90.33,-273.15,-0.84,0.96,0
31.7,87.85,90.59,-21.86,-0.85,0.96,0
31.8,88.11,90.85,-273.15,-0.84,0.96,0
31.8,88.24,90.98,-43.9,-0.85,0.96,0
31.9,88.37,91.25,-11.13,-0.85,0.87,0
32.0,88.24,91.38,-273.15,-0.84,0.96,0
32.1,88.89,91.64,-38.36,-0.85,0.91,0
32.2,88.89,91.91,-273.15,-0.86,0.96,0
32.3,89.02,92.18,-273.15,-0.85,0.96,0
32.4,89.28,92.58,-15.78,-0.84,0.91,0
32.5,89.54,92.58,-273.15,-0.84,0.91,0
32.6,89.54,92.71,-28.23,-0.84,0.91,0
32.7,89.8,92.44,-13.32,-0.85,0.96,0
32.8,89.8,93.11,-273.15,-0.84,0.96,0
32.9,90.06,93.38,-10.11,-0.82,0.91,0
32.9,90.19,94.06,-273.15,-0.84,0.91,0
33.0,90.19,93.79,-34.26,-0.84,0.91,0
33.1,90.19,94.06,-273.15,-0.84,0.91,0
33.2,90.46,94.19,-273.15,-0.84,0.96,0
33.3,90.59,94.46,-23.75,-0.84,0.96,0
33.4,90.72,94.46,-273.15,-0.83,0.91,0
33.5,90.98,94.87,-38.36,-0.82,0.91,0
33.6,91.12,95.01,-273.15,-0.83,0.96,0
33.7,91.25,95.28,-273.15,-0.82,0.91,0
33.8,91.38,95.42,-25.85,-0.83,0.96,0
33.9,91.51,95.69,-273.15,-0.83,0.91,0
34.0,91.64,95.83,-28.23,-0.83,0.91,0
34.1,91.78,95.97,-273.15,-0.83,0.96,0
34.2,91.78,96.24,-15.78,-0.83,0.91,0
34.2,92.04,96.52,-43.9,-0.83,0.96,0
34.3,92.18,96.8,-273.15,-0.82,0.91,0
34.4,92.58,96.8,-38.36,-0.82,0.96,0
34.5,92.44,97.36,-11.13,-0.83,0.87,0
34.6,92.58,97.36,-273.15,-0.83,0.96,0
34.7,92.71,97.5,-34.26,-0.83,0.87,0
34.8,92.84,97.64,-273.15,-0.84,0.91,0
34.9,93.25,97.92,-273.15,-0.83,0.96,0
35.0,93.25,98.2,-13.32,-0.84,0.87,0
35.1,93.38,98.76,-273.15,-0.83,0.87,0
35.2,93.52,98.34,-273.15,-0.82,0.91,0
35.3,93.65,98.62,-273.15,-0.83,0.91,0
35.3,93.65,98.9,-273.15,-0.83,0.91,0
35.4,93.92,99.05,-18.58,-0.83,0.91,0
35.5,93.92,99.19,-273.15,-0.83,0.91,0
35.6,94.06,99.62,-38.36,-0.83,0.91,0
35.7,94.33,99.62,-273.15,-0.82,0.91,0
35.8,94.33,99.76,-273.15,-0.82,0.91,0
35.9,94.6,99.9,-25.85,-0.83,0.91,0
36.0,94.46,100.19,-273.15,-0.83,0.91,0
36.1,94.74,100.34,-43.9,-0.84,0.91,0
36.2,94.87,100.48,-23.75,-0.83,0.91,0
36.3,95.01,100.77,-273.15,-0.83,0.91,0
36.4,95.14,100.91,-273.15,-0.83,0.91,0
36.5,95.28,101.06,-25.85,-0.83,0.91,0
36.5,95.42,101.2,-43.9,-0.82,0.91,0
36.6,95.69,101.5,-18.58,-0.82,0.91,0
36.7,95.69,101.64,-273.15,-0.83,0.91,0
36.8,95.83,101.79,-38.36,-0.84,0.91,0
36.9,95.83,101.94,-273.15,-0.84,0.87,0
37.0,95.97,102.08,-273.15,-0.84,0.91,0
37.1,96.11,102.38,-4.1,-0.83,0.87,0
37.2,96.24,102.53,-273.15,-0.82,0.91,0
37.3,96.38,102.67,-38.36,-0.82,1.0,0
37.4,96.52,102.82,-23.75,-0.84,0.96,0
37.5,96.66,102.97,-30.98,-0.84,0.91,0
37.6,96.8,103.12,-34.26,-0.83,0.91,0
37.7,96.94,102.97,-273.15,-0.84,0.87,0
37.7,97.22,103.42,-34.26,-0.84,0.96,0
37.8,97.36,103.27,-273.15,-0.84,0.91,0
37.9,97.22,103.87,-273.15,-0.84,0.91,0
38.0,97.36,104.02,-23.75,-0.84,0.91,0
38.1,97.64,104.17,-273.15,-0.83,0.91,0
38.2,97.64,104.32,-273.15,-0.83,0.91,0
38.3,97.78,104.93,-14.51,-0.83,0.91,0
38.4,98.06,104.77,-273.15,-0.82,0.91,0
38.5,97.92,105.08,-28.23,-0.84,0.91,0
38.6,98.48,104.62,-273.15,-0.84,0.96,0
38.7,98.48,105.08,-38.36,-0.85,0.91,0
38.8,98.62,105.23,-34.26,-0.85,0.91,0
38.8,98.48,105.69,-273.15,-0.84,0.96,0
38.9,98.34,105.54,-38.36,-0.84,0.91,0
39.0,98.76,105.85,-273.15,-0.84,0.91,0
39.1,98.76,106.0,-273.15,-0.85,0.96,0
39.2,98.9,106.16,-11.13,-0.85,0.96,0
39.3,98.9,106.16,-273.15,-0.84,0.91,0
39.4,99.05,106.47,-28.23,-0.83,0.91,0
39.5,99.19,106.47,-52.78,-0.84,0.91,0
39.6,99.33,106.78,-273.15,-0.84,0.96,0
39.7,99.33,106.93,-30.98,-0.86,0.91,0
39.8,99.62,107.09,-273.15,-0.86,0.91,0
39.9,99.62,106.93,-34.26,-0.85,0.91,0
40.0,99.76,107.4,-17.13,-0.85,0.96,0
40.0,99.9,107.4,-273.15,-0.85,0.91,0
40.1,99.9,107.56,-25.85,-0.86,0.96,0
40.2,100.05,107.56,-273.15,-0.85,0.96,0
40.3,100.19,107.88,-34.26,-0.84,0.91,0
40.4,100.34,108.04,-25.85,-0.84,0.91,0
40.5,100.34,108.04,-273.15,-0.84,0.87,0
40.6,100.48,108.35,-30.98,-0.84,0.91,0
40.7,100.62,108.35,-273.15,-0.85,0.91,0
40.8,100.62,108.67,-273.15,-0.85,0.87,0
40.9,100.77,108.35,-21.86,-0.84,0.96,0
41.0,100.91,108.99,-273.15,-0.83,0.96,0
41.1,100.91,108.99,-28.23,-0.82,0.96,0
41.2,101.06,109.32,-18.58,-0.82,0.91,0
41.2,101.2,109.32,-273.15,-0.84,0.91,0
41.3,101.2,109.48,-14.51,-0.84,0.96,0
41.4,101.35,109.64,-273.15,-0.84,0.91,0
41.5,101.2,110.13,-34.26,-0.84,0.87,0
41.6,101.5,109.8,-34.26,-0.84,0.91,0
41.7,101.5,109.97,-38.36,-0.83,0.91,0
41.8,101.64,110.29,-25.85,-0.83,0.91,0
41.9,101.79,110.29,-273.15,-0.84,0.91,0
42.0,101.79,110.46,-43.9,-0.85,0.91,0
42.1,101.94,110.62,-273.15,-0.83,0.91,0
42.2,101.94,110.79,-273.15,-0.83,0.91,0
42.3,102.08,110.95,-21.86,-0.84,0.91,0
42.4,102.23,111.12,-17.13,-0.84,0.91,0
42.4,102.08,111.12,-273.15,-0.84,0.91,0
42.5,102.53,111.12,-18.58,-0.84,0.91,0
42.6,102.38,111.45,-273.15,-0.85,0.91,0
42.7,102.38,111.61,-43.9,-0.85,0.91,0
42.8,102.53,111.78,-273.15,-0.84,0.91,0
42.9,102.53,111.78,-43.9,-0.84,0.91,0
43.0,102.67,112.62,-23.75,-0.84,0.91,0
43.1,102.67,112.12,-273.15,-0.84,0.91,0
43.2,102.82,112.29,-25.85,-0.84,0.91,0
43.3,102.82,112.45,-273.15,-0.84,0.87,0
43.4,102.82,112.45,-273.15,-0.84,0.96,0
43.5,102.97,112.62,-52.78,-0.85,0.91,0
43.6,103.12,112.79,-52.78,-0.86,0.91,0
43.7,103.12,112.96,-273.15,-0.85,0.91,0
43.8,103.27,113.13,-273.15,-0.85,0.91,0
43.9,103.27,113.3,-25.85,-0.84,0.91,0
43.9,103.27,113.3,-273.15,-0.83,0.91,0
44.0,103.42,113.48,-25.85,-0.84,0.87,0
44.1,103.72,113.65,-273.15,-0.84,0.87,0
44.2,103.72,113.82,-25.85,-0.85,0.87,0
44.3,103.57,113.82,-273.15,-0.85,0.87,0
44.4,103.72,114.34,-23.75,-0.84,0.91,0
44.5,103.72,113.99,-273.15,-0.85,0.91,0
44.6,103.87,114.34,-25.85,-0.85,0.96,0
44.7,103.87,114.34,-273.15,-0.84,0.91,0
44.8,103.87,114.51,-43.9,-0.84,0.91,0
44.9,103.87,114.51,-273.15,-0.84,0.96,0
44.9,104.02,114.69,-23.75,-0.83,0.91,0
45.0,104.02,114.86,-273.15,-0.82,0.91,0
45.1,104.17,115.04,-34.26,-0.84,0.96,0
45.2,104.17,115.21,-273.15,-0.85,0.83,0
45.3,104.02,115.21,-34.26,-0.84,0.87,0
45.4,104.32,115.21,-273.15,-0.84,0.87,0
45.5,104.32,115.57,-43.9,-0.83,0.91,0
45.6,104.47,115.57,-13.32,-0.83,0.91,0
45.7,104.47,115.74,-273.15,-0.83,0.87,0
45.8,104.62,115.74,-43.9,-0.82,0.91,0
45.9,104.62,116.1,-15.78,-0.83,0.91,0
45.9,104.47,116.1,-273.15,-0.84,0.91,0
46.0,104.77,116.28,-12.2,-0.83,0.96,0
46.1,104.62,116.46,-273.15,-0.84,0.91,0
46.2,104.77,116.46,-30.98,-0.85,0.91,0
46.3,105.08,116.64,-273.15,-0.85,0.91,0
46.4,104.93,116.64,-52.78,-0.84,0.91,0
46.5,104.62,116.82,-25.85,-0.83,0.91,0
46.6,105.08,116.82,-273.15,-0.84,0.91,0
46.7,105.08,117.18,-38.36,-0.84,0.91,0
46.8,105.23,117.18,-273.15,-0.83,0.91,0
46.9,105.23,117.0,-273.15,-0.83,0.87,0
47.0,105.23,117.54,-38.36,-0.82,0.91,0
47.1,105.39,117.54,-273.15,-0.82,0.91,0
47.1,105.39,117.73,-34.26,-0.83,0.91,0
47.2,105.54,117.73,-273.15,-0.84,0.91,0
47.3,105.54,117.91,-273.15,-0.84,0.87,0
47.4,105.54,118.09,-34.26,-0.84,0.91,0
47.5,105.54,118.09,-273.15,-0.84,0.91,0
47.6,105.69,118.65,-38.36,-0.84,0.91,0
47.7,105.69,118.28,-20.15,-0.84,0.87,0
47.8,105.85,118.46,-273.15,-0.84,0.96,0
47.9,106.16,118.65,-30.98,-0.83,0.91,0
48.0,105.85,118.84,-273.15,-0.83,0.91,0
48.1,105.85,118.84,-34.26,-0.84,0.91,0
48.2,106.0,119.02,-23.75,-0.86,0.91,0
48.3,106.16,119.02,-273.15,-0.85,0.87,0
48.3,106.0,119.4,-28.23,-0.84,0.91,0
48.4,106.16,119.4,-273.15,-0.84,0.87,0
48.5,106.31,119.59,-43.9,-0.84,0.91,0
48.6,106.31,119.59,-14.51,-0.83,0.87,0
48.7,106.31,119.59,-273.15,-0.83,0.91,0
48.8,106.16,119.59,-43.9,-0.83,0.87,0
48.9,106.78,119.4,-273.15,-0.83,0.87,0
49.0,106.62,119.96,-273.15,-0.83,0.87,0
49.1,106.62,120.15,-10.11,-0.83,0.91,0
49.2,106.62,120.15,-273.15,-0.82,0.91,0
49.3,106.62,120.35,-273.15,-0.82,0.91,0
49.4,106.78,120.54,-11.13,-0.84,0.87,0
49.4,106.78,120.54,-273.15,-0.84,0.91,0
49.5,106.93,120.73,-23.75,-0.83,0.91,0
49.6,106.93,120.73,-273.15,-0.82,0.87,0
49.7,106.93,120.92,-34.26,-0.82,0.87,0
49.8,107.09,121.5,-273.15,-0.84,0.91,0
49.9,107.09,121.11,-273.15,-0.85,0.91,0
50.0,107.09,121.31,-28.23,-0.84,0.91,0
50.1,107.09,121.31,-273.15,-0.83,0.91,0
50.2,107.25,121.5,-38.36,-0.83,0.91,0
50.3,107.25,121.5,-34.26,-0.82,0.96,0
50.4,107.25,121.5,-273.15,-0.82,0.91,0
50.5,107.4,121.7,-43.9,-0.83,0.91,0
50.6,107.4,121.89,-38.36,-0.84,0.91,0
50.6,107.56,122.09,-28.23,-0.84,0.91,0
50.7,107.56,122.09,-10.11,-0.82,0.91,0
50.8,107.56,122.09,-273.15,-0.82,0.87,0
50.9,107.56,122.29,-38.36,-0.8,0.91,0
51.0,107.72,122.48,-273.15,-0.81,0.87,0
51.1,107.72,122.48,-273.15,-0.81,0.91,0
51.2,107.72,122.68,-10.11,-0.81,0.91,0
51.3,107.72,122.88,-273.15,-0.82,0.91,0
51.4,107.88,122.68,-28.23,-0.81,0.87,0
51.5,107.88,122.88,-273.15,-0.82,0.96,0
51.6,108.19,122.88,-43.9,-0.81,0.91,0
51.7,108.04,123.08,-43.9,-0.81,0.87,0
51.8,108.04,122.88,-273.15,-0.81,0.91,0
51.8,108.04,123.28,-38.36,-0.82,0.91,0
51.9,108.19,123.48,-273.15,-0.82,0.91,0
52.0,108.19,123.68,-273.15,-0.81,0.91,0
52.1,108.19,123.68,-25.85,-0.81,0.87,0
52.2,108.19,123.68,-273.15,-0.81,0.91,0
52.3,108.19,123.89,-38.36,-0.82,0.87,0
52.4,108.35,123.89,-273.15,-0.82,0.91,0
52.5,108.35,124.09,-273.15,-0.82,0.91,0
52.6,108.51,124.29,-28.23,-0.81,0.91,0
52.7,108.35,124.29,-273.15,-0.82,0.87,0
52.8,108.51,124.29,-25.85,-0.82,0.87,0
52.9,108.51,124.5,-273.15,-0.82,0.87,0
53.0,108.67,124.5,-21.86,-0.8,0.87,0
53.1,108.51,124.5,-273.15,-0.8,0.87,0
53.1,108.67,124.7,-30.98,-0.81,0.87,0
53.2,108.67,124.7,-273.15,-0.82,0.91,0
53.3,108.67,124.7,-23.75,-0.81,0.91,0
53.4,108.83,125.12,-273.15,-0.8,0.87,0
53.5,108.83,125.12,-38.36,-0.8,0.91,0
53.6,108.99,125.12,-273.15,-0.83,0.91,0
53.7,108.83,125.12,-273.15,-0.82,0.87,0
53.8,109.16,125.32,-12.2,-0.81,0.91,0
53.9,108.99,125.74,-273.15,-0.8,0.91,0
54.0,108.99,125.32,-273.15,-0.8,0.91,0
54.1,108.99,125.53,-15.78,-0.82,0.87,0
54.1,108.99,125.74,-273.15,-0.83,0.91,0
54.2,109.16,125.95,-15.78,-0.82,0.87,0
54.3,109.16,125.95,-273.15,-0.81,0.91,0
54.4,109.16,125.95,-38.36,-0.82,0.87,0
54.5,109.32,125.95,-273.15,-0.8,0.91,0
54.6,109.48,126.16,-273.15,-0.76,0.87,0
54.7,109.32,126.16,-23.75,-0.8,0.87,0
54.8,109.32,126.37,-273.15,-0.82,0.91,0
54.9,109.32,126.37,-273.15,-0.8,0.91,0
55.0,109.32,126.58,-34.26,-0.81,0.87,0
55.1,109.32,126.58,-273.15,-0.82,0.87,0
55.2,109.48,126.8,-30.98,-0.83,0.87,0
55.3,109.48,126.8,-273.15,-0.83,0.87,0
55.3,109.48,127.01,-38.36,-0.84,0.87,0
55.4,109.48,127.01,-10.11,-0.85,0.87,0
55.5,109.48,126.8,-273.15,-0.84,0.91,0
55.6,109.48,127.22,-38.36,-0.84,0.91,0
55.7,109.64,127.22,-273.15,-0.84,0.91,0
55.8,109.64,127.44,-273.15,-0.84,0.91,0
55.9,109.64,127.44,-25.85,-0.85,0.83,0
56.0,109.64,127.44,-273.15,-0.86,0.87,0
56.1,109.8,127.44,-30.98,-0.86,0.87,0
56.2,109.8,127.44,-273.15,-0.85,0.91,0
56.3,109.8,127.66,-273.15,-0.84,0.91,0
56.4,109.8,127.87,-25.85,-0.85,0.91,0
56.5,109.8,127.87,-273.15,-0.86,0.87,0
56.5,109.64,127.87,-25.85,-0.86,0.87,0
56.6,109.97,127.87,-273.15,-0.85,0.87,0
56.7,109.97,127.66,-273.15,-0.85,0.87,0
56.8,109.97,128.09,-20.15,-0.84,0.91,0
56.9,110.29,128.31,-273.15,-0.85,0.87,0
57.0,110.13,128.31,-34.26,-0.87,0.87,0
57.1,110.13,128.31,-273.15,-0.86,0.91,0
57.2,110.13,128.53,-273.15,-0.85,0.87,0
57.3,110.13,128.31,-21.86,-0.86,0.87,0
57.4,110.13,128.75,-273.15,-0.86,0.91,0
57.5,110.29,128.09,-273.15,-0.85,0.87,0
57.6,110.29,128.75,-21.86,-0.86,0.91,0
57.7,110.29,128.75,-273.15,-0.86,0.87,0
57.7,110.29,128.97,-34.26,-0.85,0.91,0
57.8,110.13,128.97,-273.15,-0.85,0.91,0
57.9,110.46,129.19,-43.9,-0.86,0.87,0
58.0,110.62,128.97,-273.15,-0.86,0.87,0
58.1,110.46,129.19,-273.15,-0.86,0.87,0
58.2,110.62,129.19,-23.75,-0.87,0.87,0
58.3,110.62,129.42,-273.15,-0.87,0.87,0
58.4,110.62,129.19,-38.36,-0.86,0.87,0
58.5,110.62,129.42,-11.13,-0.87,0.87,0
58.6,110.62,129.42,-273.15,-0.85,0.87,0
58.7,110.62,129.42,-273.15,-0.84,0.87,0
58.8,110.79,129.42,-12.2,-0.85,0.87,0
58.9,110.79,129.64,-52.78,-0.85,0.87,0
58.9,110.79,129.64,-11.13,-0.85,0.87,0
59.0,110.62,129.64,-273.15,-0.86,0.87,0
59.1,110.95,129.86,-52.78,-0.86,0.91,0
59.2,110.95,129.64,-273.15,-0.86,0.83,0
59.3,110.95,129.86,-273.15,-0.85,0.87,0
59.4,110.95,130.09,-15.78,-0.86,0.83,0
59.5,110.95,130.09,-273.15,-0.86,0.87,0
59.6,111.12,130.09,-38.36,-0.85,0.87,0
59.7,111.12,130.32,-273.15,-0.85,0.83,0
59.8,111.12,129.64,-273.15,-0.84,0.91,0
59.9,111.12,130.32,-38.36,-0.85,0.87,0
60.0,111.28,130.32,-273.15,-0.85,0.91,0
60.0,111.28,130.32,-38.36,-0.84,0.87,0
60.1,111.28,130.54,-273.15,-0.84,0.87,0
60.2,111.28,130.54,-273.15,-0.84,0.87,0
60.3,111.28,130.54,-17.13,-0.84,0.87,0
60.4,111.45,130.54,-273.15,-0.85,0.83,0
60.5,111.45,130.54,-43.9,-0.85,0.91,0
60.6,111.45,130.54,-11.13,-0.85,0.87,0
60.7,111.45,130.54,-273.15,-0.85,0.87,0
60.8,111.45,130.77,-38.36,-0.84,0.87,0
60.9,111.61,130.77,-273.15,-0.84,0.91,0
61.0,111.61,130.77,-273.15,-0.85,0.87,0
61.1,111.61,131.0,-30.98,-0.83,0.87,0
61.2,111.78,131.0,-273.15,-0.83,0.87,0
61.2,111.61,130.77,-34.26,-0.83,0.87,0
61.3,111.78,130.77,-273.15,-0.84,0.91,0
61.4,111.78,131.0,-273.15,-0.85,0.91,0
61.5,111.78,131.46,-17.13,-0.85,0.87,0
61.6,111.78,131.23,-273.15,-0.86,0.87,0
61.7,111.95,131.23,-34.26,-0.85,0.87,0
61.8,111.78,131.23,-273.15,-0.84,0.87,0
61.9,111.95,131.23,-273.15,-0.84,0.87,0
62.0,111.95,131.23,-25.85,-0.85,0.87,0
62.1,111.95,131.23,-273.15,-0.86,0.83,0
62.2,111.95,131.46,-273.15,-0.86,0.87,0
62.3,112.12,131.93,-273.15,-0.86,0.87,0
62.4,112.12,131.69,-13.32,-0.86,0.87,0
62.5,112.29,131.46,-273.15,-0.86,0.91,0
62.5,112.12,131.46,-10.11,-0.85,0.87,0
62.6,112.12,131.69,-273.15,-0.84,0.87,0
62.7,112.29,131.69,-13.32,-0.86,0.87,0
62.8,112.29,131.69,-273.15,-0.87,0.87,0
62.9,112.29,131.69,-21.86,-0.85,0.91,0
63.0,112.29,131.46,-273.15,-0.85,0.87,0
63.1,112.29,132.16,-38.36,-0.84,0.91,0
63.2,112.45,131.93,-13.32,-0.85,0.87,0
63.3,112.45,131.93,-273.15,-0.85,0.91,0
63.4,112.45,131.93,-34.26,-0.85,0.87,0
63.5,112.45,131.93,-273.15,-0.86,0.87,0
63.6,112.62,131.93,-43.9,-0.85,0.87,0
63.6,112.62,131.69,-12.2,-0.85,0.87,0
63.7,112.62,132.16,-273.15,-0.86,0.83,0
63.8,112.62,131.93,-34.26,-0.86,0.87,0
63.9,112.62,132.16,-273.15,-0.84,0.87,0
64.0,112.62,132.16,-273.15,-0.83,0.83,0
64.1,112.79,132.4,-14.51,-0.84,0.87,0
64.2,113.13,131.46,-273.15,-0.84,0.87,0
64.3,112.79,132.16,-34.26,-0.84,0.87,0
64.4,112.79,131.93,-273.15,-0.85,0.87,0
64.5,112.96,132.16,-273.15,-0.84,0.87,0
64.6,112.96,132.4,-38.36,-0.85,0.91,0
64.7,112.96,132.4,-273.15,-0.84,0.87,0
64.8,112.96,132.16,-38.36,-0.84,0.87,0
64.8,113.13,132.4,-273.15,-0.85,0.87,0
64.9,113.13,132.4,-273.15,-0.86,0.83,0
65.0,113.13,132.4,-20.15,-0.84,0.83,0
65.1,112.96,132.63,-273.15,-0.84,0.91,0
65.2,113.3,132.4,-34.26,-0.85,0.87,0
65.3,113.3,132.63,-14.51,-0.85,0.87,0
65.4,113.13,132.4,-273.15,-0.85,0.83,0
65.5,113.3,132.63,-52.78,-0.86,0.87,0
65.6,113.3,132.63,-38.36,-0.86,0.87,0
65.7,113.65,132.63,-43.9,-0.87,0.87,0
65.8,113.3,132.63,-23.75,-0.87,0.87,0
65.9,113.3,132.87,-273.15,-0.86,0.83,0
65.9,113.3,132.63,-34.26,-0.85,0.87,0
66.0,113.48,132.87,-273.15,-0.84,0.83,0
66.1,113.48,132.16,-38.36,-0.84,0.87,0
66.2,113.48,132.63,-23.75,-0.85,0.87,0
66.3,113.65,132.63,-273.15,-0.85,0.87,0
66.4,113.65,132.87,-30.98,-0.86,0.83,0
66.5,113.65,132.63,-273.15,-0.86,0.83,0
66.6,113.65,132.87,-273.15,-0.86,0.87,0
66.7,113.48,132.63,-18.58,-0.86,0.87,0
66.8,113.65,132.87,-273.15,-0.86,0.87,0
66.9,113.65,132.87,-43.9,-0.86,0.87,0
67.0,113.82,132.87,-273.15,-0.85,0.83,0
67.1,113.82,133.11,-273.15,-0.85,0.87,0
67.1,113.82,133.11,-14.51,-0.85,0.87,0
67.2,113.82,133.11,-273.15,-0.84,0.83,0
67.3,114.16,132.87,-34.26,-0.84,0.87,0
67.4,113.99,133.11,-23.75,-0.85,0.87,0
67.5,113.99,133.11,-43.9,-0.86,0.87,0
67.6,113.99,132.87,-34.26,-0.86,0.87,0
67.7,113.99,133.59,-273.15,-0.85,0.87,0
67.8,114.16,133.11,-43.9,-0.85,0.91,0
67.9,114.16,133.11,-273.15,-0.85,0.87,0
68.0,114.16,133.11,-34.26,-0.84,0.87,0
68.1,114.16,133.11,-273.15,-0.84,0.87,0
68.2,114.16,133.11,-23.75,-0.85,0.87,0
68.3,114.34,133.11,-273.15,-0.86,0.87,0
68.3,114.34,133.35,-17.13,-0.85,0.87,0
68.4,114.34,133.11,-273.15,-0.86,0.87,0
68.5,113.99,133.11,-34.26,-0.86,0.87,0
68.6,114.34,133.11,-273.15,-0.86,0.83,0
68.7,114.34,133.35,-52.78,-0.86,0.87,0
68.8,114.34,133.35,-20.15,-0.86,0.87,0
68.9,114.51,133.11,-273.15,-0.84,0.87,0
69.0,114.51,133.35,-38.36,-0.85,0.87,0
69.1,114.51,133.35,-20.15,-0.86,0.87,0
69.2,114.69,133.11,-273.15,-0.86,0.91,0
69.3,114.51,133.35,-15.78,-0.85,0.87,0
69.4,114.51,133.35,-273.15,-0.85,0.83,0
69.4,114.51,133.35,-52.78,-0.87,0.87,0
69.5,114.51,133.35,-273.15,-0.86,0.87,0
69.6,114.69,133.35,-38.36,-0.87,0.87,0
69.7,114.51,133.35,-23.75,-0.88,0.87,0
69.8,114.69,133.35,-273.15,-0.88,0.91,0
69.9,114.69,133.35,-34.26,-0.88,0.87,0
70.0,114.69,133.35,-273.15,-0.87,0.87,0
70.1,114.69,133.11,-273.15,-0.85,0.87,0
70.2,114.86,133.35,-20.15,-0.84,0.87,0
70.3,114.69,133.35,-21.86,-0.84,0.87,0
70.4,114.69,133.35,-273.15,-0.83,0.87,0
70.5,114.86,133.59,-25.85,-0.83,0.87,0
70.6,114.86,133.35,-273.15,-0.84,0.87,0
70.6,114.86,133.35,-25.85,-0.84,0.87,0
