T,TEMP1,TEMP2,TEMP3,LOAD,PRESSURE,VALVE
0.0,28.59,26.70,29.05,-0.20,0.49,0
0.1,28.36,26.45,30.40,-0.21,0.49,0
0.2,28.59,26.70,29.05,-0.21,0.49,0
0.2,28.59,26.70,28.82,-0.20,0.49,0
0.3,28.36,26.70,27.89,-0.20,0.49,
0.4,28.59,26.70,29.05,-0.21,0.49,0
0.5,28.36,26.70,29.28,-0.23,0.49,0
0.6,28.36,26.70,29.28,-0.23,0.49,0
0.7,28.36,26.94,28.13,-0.23,0.49,0
0.8,28.36,26.45,30.18,-0.15,0.49,0
0.9,28.36,26.70,29.28,0.09,0.48,0
1.0,28.59,26.70,29.28,0.40,0.49,0
1.1,28.59,26.94,29.05,0.78,0.49,0
1.1,28.13,26.70,29.28,1.17,0.49,0
1.2,28.36,27.18,27.66,1.24,0.49,0
1.3,28.13,26.70,29.05,0.47,0.48,0
1.4,28.59,26.70,29.28,0.05,0.49,0
1.5,28.59,26.70,29.28,-0.02,0.49,0
1.6,28.36,26.70,29.28,0.03,0.49,0
1.7,28.36,26.70,29.28,0.37,0.49,0
1.8,28.36,26.45,29.28,0.70,0.49,0
1.9,28.36,26.94,29.28,0.97,0.49,0
2.0,28.59,26.45,29.73,0.92,0.49,0
2.1,28.36,26.70,28.36,0.90,0.49,0
2.2,28.36,26.70,27.66,0.84,0.49,0
2.3,28.36,27.18,29.28,0.76,0.49,0
2.3,28.36,26.70,29.05,0.71,0.49,0
2.4,28.36,26.70,29.51,0.69,0.49,0
2.5,28.36,26.70,29.05,0.63,0.49,0
2.6,28.36,27.18,29.28,0.60,0.49,0
2.7,28.36,26.70,29.51,0.56,0.49,0
2.8,28.36,26.70,28.82,0.51,0.49,0
2.9,28.59,26.45,29.28,0.47,0.49,0
3.0,28.36,26.45,29.05,0.31,0.49,0
3.1,28.36,26.70,29.28,0.05,0.49,0
3.2,28.36,26.45,29.05,0.08,0.49,0
3.3,28.59,26.70,27.89,0.14,0.49,0
3.4,28.36,26.70,30.18,0.20,0.49,0
3.4,28.36,26.70,29.28,0.23,0.49,0
3.5,28.59,26.45,28.59,0.27,0.49,0
3.6,28.59,26.70,29.05,0.17,0.49,0
3.7,28.59,26.70,29.28,0.14,0.49,0
3.8,28.36,26.70,29.05,0.11,0.49,0
3.9,28.59,26.70,29.28,0.05,0.49,0
4.0,28.36,26.70,29.05,-0.14,0.49,0
4.1,28.59,26.94,29.51,-0.30,0.49,0
4.2,28.13,26.94,29.73,-0.21,0.49,0
4.3,28.59,26.94,29.28,0.01,0.49,0
4.4,28.59,26.70,28.36,0.14,0.49,0
4.5,28.36,26.70,29.05,0.16,0.49,0
4.5,28.36,26.70,29.28,0.12,0.49,0
4.6,28.13,26.94,30.18,-0.04,0.49,0
4.7,28.13,26.94,27.89,-0.06,0.49,0
4.8,28.82,27.18,29.28,0.01,0.49,0
4.9,28.59,26.70,29.28,0.04,0.49,0
5.0,28.59,26.70,29.28,0.02,0.49,0
5.1,28.59,26.94,28.82,-0.02,0.49,0
5.2,28.36,26.94,29.51,-0.04,0.49,0
5.3,28.59,26.70,29.05,-0.05,0.49,0
5.4,28.59,27.18,29.05,-0.08,0.49,0
5.5,28.59,26.70,29.28,-0.06,0.49,0
5.6,28.59,26.94,29.28,-0.08,0.49,0
5.6,28.82,26.70,29.28,-0.05,0.49,0
5.7,28.36,26.94,29.28,-0.08,0.49,0
5.8,28.59,26.94,29.05,-0.21,0.49,0
5.9,28.82,26.94,29.28,-0.18,0.49,0
6.0,28.36,26.94,29.28,-0.12,0.49,0
6.1,28.36,26.70,29.05,-0.17,0.49,0
6.2,28.36,26.70,29.73,-0.22,0.49,0
6.3,28.36,26.70,29.05,-0.27,0.49,0
6.4,28.36,26.70,29.28,-0.20,0.49,0
6.5,28.13,26.94,29.51,-0.07,0.49,0
6.6,28.36,26.70,27.89,-0.09,0.49,0
6.7,28.59,26.94,29.28,0.02,0.49,0
6.8,28.36,26.94,28.36,0.09,0.49,0
6.8,29.05,26.94,29.05,0.05,0.49,0
6.9,28.36,26.94,29.05,-0.00,0.49,0
7.0,28.36,26.70,29.05,-0.06,0.49,0
7.1,28.36,26.94,29.05,-0.13,0.49,0
7.2,28.13,26.70,29.05,-0.19,0.49,0
7.3,28.59,27.42,28.13,-0.38,0.49,0
7.4,28.36,26.70,29.05,-0.50,0.49,0
7.5,29.05,26.70,29.28,-0.27,0.49,0
7.6,28.36,26.94,29.28,-0.20,0.49,0
7.7,28.36,26.45,30.18,-0.15,0.49,0
7.8,28.36,26.94,29.05,-0.10,0.49,0
7.9,28.59,26.94,29.05,-0.13,0.49,0
7.9,28.82,26.70,29.28,-0.13,0.49,0
8.0,28.36,26.94,29.51,-0.15,0.49,0
8.1,28.59,26.70,29.28,-0.15,0.49,0
8.2,28.36,26.94,29.28,-0.12,0.49,0
8.3,28.59,26.94,29.28,-0.13,0.49,0
8.4,28.82,26.94,29.05,-0.16,0.49,0
8.5,28.36,26.70,29.28,-0.12,0.49,0
8.6,28.59,26.70,28.82,-0.08,0.49,0
8.7,28.13,26.70,29.05,0.01,0.49,0
8.8,28.13,26.94,29.05,0.12,0.49,0
8.9,28.36,26.70,29.28,0.00,0.49,0
9.0,28.36,26.94,29.28,-0.07,0.49,0
9.0,28.82,26.70,29.28,-0.02,0.49,0
9.1,28.36,27.18,29.28,-0.03,0.49,0
9.2,28.59,26.70,29.28,0.00,0.50,0
9.3,28.13,26.94,29.28,0.00,0.49,0
9.4,28.13,26.70,29.28,-0.01,0.49,0
9.5,28.59,26.70,29.28,-0.01,0.49,0
9.6,28.82,26.70,29.28,-0.03,0.49,0
9.7,28.59,26.70,29.51,-0.06,0.49,0
9.8,28.36,26.94,29.28,-0.11,0.49,0
9.9,28.36,26.94,29.05,-0.18,0.49,0
10.0,28.36,26.94,29.28,-0.19,0.49,0
10.1,28.59,26.45,29.05,-0.25,0.49,0
10.1,28.36,26.70,28.82,-0.25,0.49,0
10.2,28.59,27.18,29.28,-0.17,0.49,0
10.3,28.59,26.45,29.28,-0.13,0.49,0
10.4,28.36,26.94,29.05,-0.10,0.49,0
10.5,28.59,26.70,28.59,-0.10,0.49,0
10.6,28.36,26.70,29.51,-0.13,0.49,0
10.7,28.59,26.94,29.05,-0.19,0.49,0
10.8,27.89,26.70,28.59,-0.23,0.50,0
10.9,28.13,26.70,29.51,-0.06,0.49,0
11.0,28.36,26.70,29.28,0.09,0.49,0
11.1,28.36,26.70,29.95,-0.05,0.49,0
11.2,28.36,26.94,29.28,-0.15,0.49,0
11.2,28.36,26.70,29.05,-0.19,0.49,0
11.3,29.05,26.94,29.05,-0.20,0.49,0
11.4,28.59,27.18,29.05,-0.20,0.49,0
11.5,28.59,26.94,27.42,-0.20,0.49,0
11.6,29.05,27.18,29.51,-0.22,0.49,0
11.7,28.36,27.42,27.89,-0.25,0.49,0
11.8,28.36,27.42,28.59,-0.29,0.49,0
11.9,28.36,26.94,29.28,-0.32,0.49,0
12.0,28.13,26.70,29.05,-0.32,0.49,0
12.1,28.59,26.94,30.18,-0.29,0.49,0
12.2,28.36,26.94,29.28,-0.23,0.49,0
12.3,28.59,26.45,29.05,-0.21,0.49,0
12.3,28.36,26.94,29.28,-0.23,0.49,0
12.4,28.13,26.94,29.28,-0.26,0.49,0
12.5,28.36,26.94,29.05,-0.28,0.49,0
12.6,28.36,26.70,29.51,-0.31,0.49,0
12.7,28.59,26.45,29.05,-0.35,0.49,0
12.8,28.36,26.70,29.28,-0.38,0.49,0
12.9,28.59,27.18,29.28,-0.39,0.49,0
13.0,28.82,26.94,29.05,-0.41,0.49,0
13.1,28.59,26.94,29.28,-0.41,0.49,0
13.2,28.36,26.70,28.82,-0.37,0.49,0
13.3,28.59,26.70,28.82,-0.23,0.49,0
13.4,28.36,26.94,28.36,-0.07,0.49,0
13.4,28.13,26.20,29.05,-0.00,0.49,0
13.5,28.59,27.66,29.05,0.05,0.49,0
13.6,28.59,26.70,29.73,0.05,0.49,0
13.7,28.59,26.94,29.28,-0.03,0.49,0
13.8,28.13,26.70,29.28,-0.10,0.49,0
13.9,28.59,26.70,29.05,-0.15,0.49,0
14.0,28.36,26.94,29.05,-0.24,0.49,0
14.1,28.59,26.70,29.51,-0.30,0.49,0
14.2,28.36,26.94,29.05,-0.31,0.49,0
14.3,28.59,26.94,30.40,-0.33,0.49,0
14.4,28.36,27.18,29.05,-0.34,0.49,0
14.5,28.36,26.94,28.82,-0.32,0.49,0
14.5,28.36,26.70,29.28,-0.31,0.49,0
14.6,28.36,26.94,29.28,-0.31,0.49,0
14.7,28.36,26.70,29.05,-0.33,0.49,0
14.8,28.36,26.94,29.05,-0.34,0.49,0
14.9,28.36,26.45,29.73,-0.32,0.49,0
15.0,28.36,26.94,29.28,-0.34,0.49,0
15.1,28.59,26.70,29.05,-0.33,0.48,0
15.2,28.36,26.70,28.82,-0.10,0.49,0
15.3,28.82,26.94,29.51,0.04,0.49,0
15.4,28.59,26.70,29.05,-0.05,0.49,0
15.5,28.36,27.18,29.05,-0.08,0.49,0
15.6,28.36,26.70,29.05,-0.11,0.49,0
15.6,28.82,26.94,28.82,-0.12,0.49,0
15.7,28.59,26.94,29.28,-0.13,0.48,0
15.8,28.13,26.70,29.05,-0.13,0.49,0
15.9,28.82,26.94,29.28,-0.15,0.49,0
16.0,28.36,26.94,28.82,-0.14,0.49,0
16.1,28.59,26.94,27.42,-0.18,0.49,0
16.2,28.36,26.94,29.05,-0.22,0.49,0
16.3,28.59,27.18,29.05,-0.21,0.49,0
16.4,28.36,26.94,28.82,-0.20,0.49,0
16.5,28.59,26.94,28.82,-0.20,0.49,0
16.6,28.36,27.18,29.95,-0.20,0.49,0
16.7,28.36,26.70,29.05,-0.20,0.49,0
16.8,28.36,26.94,29.28,-0.19,0.49,0
16.8,28.36,26.70,29.28,-0.19,0.49,0
16.9,28.13,26.45,29.05,-0.22,0.48,0
17.0,28.59,26.70,28.82,-0.23,0.49,0
17.1,28.59,26.94,29.28,-0.19,0.49,0
17.2,28.36,26.94,29.51,-0.18,0.49,0
17.3,28.13,26.70,29.05,-0.19,0.49,0
17.4,28.36,26.70,29.28,-0.20,0.49,0
17.5,28.59,26.70,28.82,-0.22,0.49,0
17.6,28.59,27.18,29.05,-0.25,0.49,0
17.7,28.36,26.70,29.28,-0.28,0.49,0
17.8,28.36,26.94,26.45,-0.27,0.49,0
17.9,28.59,26.94,29.05,-0.25,0.49,0
17.9,28.59,26.70,29.28,-0.23,0.49,0
18.0,28.36,26.70,29.51,-0.23,0.49,0
18.1,28.13,26.70,29.05,-0.24,0.49,0
18.2,28.36,26.94,29.28,-0.24,0.49,0
18.3,28.36,26.94,29.05,-0.23,0.49,0
18.4,28.59,26.94,29.28,-0.23,0.49,0
18.5,28.36,26.45,29.05,-0.24,0.49,0
18.6,28.82,27.18,29.05,-0.22,0.49,0
18.7,28.13,26.70,29.05,-0.25,0.49,0
18.8,28.36,26.45,28.82,-0.31,0.49,0
18.9,28.59,26.70,29.05,-0.29,0.49,0
19.0,28.36,26.70,29.05,-0.32,0.49,0
19.0,28.59,26.45,28.82,-0.37,0.49,0
19.1,28.36,26.94,29.28,-0.40,0.49,0
19.2,28.36,26.70,29.05,-0.41,0.49,0
19.3,28.59,26.94,29.28,-0.42,0.49,0
19.4,28.36,26.70,29.73,-0.41,0.49,0
19.5,27.89,26.70,28.36,-0.35,0.49,0
19.6,28.36,27.18,29.51,-0.24,0.49,0
19.7,28.36,27.18,28.82,-0.09,0.49,0
19.8,28.82,27.18,29.05,-0.24,0.49,0
19.9,28.13,26.70,29.05,-0.37,0.49,0
20.0,28.59,26.70,29.05,-0.21,0.49,0
20.1,28.59,26.70,29.05,-0.10,0.49,0
20.1,27.89,26.70,28.13,-0.08,0.49,0
20.2,28.36,26.94,29.28,-0.07,0.49,0
20.3,28.36,26.70,29.05,-0.09,0.49,0
20.4,28.59,26.45,29.28,-0.12,0.49,0
20.5,28.36,26.94,29.28,-0.16,0.49,0
20.6,28.36,27.18,29.05,-0.17,0.49,0
20.7,28.36,26.94,29.28,-0.17,0.49,0
20.8,28.36,26.70,28.82,-0.19,0.49,0
20.9,28.13,26.45,27.89,-0.21,0.49,0
21.0,28.36,26.94,29.05,-0.23,0.49,0
21.1,28.36,26.94,29.28,-0.23,0.49,0
21.2,28.13,26.45,29.28,-0.22,0.49,0
21.2,28.36,26.94,29.28,-0.21,0.49,0
21.3,28.13,26.70,29.05,-0.21,0.49,0
21.4,28.82,26.70,29.28,-0.21,0.49,0
21.5,28.36,26.94,29.05,-0.23,0.49,0
21.6,28.59,26.70,29.28,-0.20,0.49,0
21.7,28.13,26.94,29.28,-0.14,0.49,0
21.8,28.13,26.70,29.28,-0.12,0.49,0
21.9,28.82,26.70,29.05,-0.15,0.49,0
22.0,28.13,26.94,29.05,-0.24,0.49,0
22.1,28.36,26.94,29.05,-0.29,0.49,0
22.2,28.13,26.70,29.28,-0.27,0.49,0
22.3,28.36,26.45,29.28,-0.25,0.49,0
22.3,28.36,26.94,29.51,-0.27,0.49,0
22.4,28.13,26.70,28.82,-0.25,0.49,0
22.5,28.36,27.18,29.28,-0.23,0.49,0
22.6,28.36,26.94,29.51,-0.23,0.48,0
22.7,28.36,26.94,29.51,-0.24,0.49,0
22.8,28.36,26.94,29.51,-0.19,0.49,0
22.9,28.36,26.70,29.28,-0.14,0.49,0
23.0,28.36,26.70,29.28,-0.16,0.49,0
23.1,28.36,26.94,29.05,-0.21,0.48,0
23.2,28.36,26.45,28.36,-0.22,0.49,0
23.3,28.36,26.94,28.82,-0.23,0.49,0
23.4,28.36,26.70,29.05,-0.23,0.49,0
23.4,28.59,26.70,29.28,-0.23,0.49,0
23.5,28.36,26.70,29.28,-0.22,0.49,0
23.6,28.13,26.94,30.18,-0.17,0.49,0
23.7,28.59,26.70,29.05,-0.24,0.49,0
23.8,28.36,26.94,29.28,-0.30,0.49,0
23.9,28.59,26.94,28.82,-0.28,0.49,0
24.0,28.36,26.94,30.18,-0.31,0.49,0
24.1,28.59,26.94,28.82,-0.33,0.48,0
24.2,28.13,26.70,29.05,-0.33,0.49,0
24.3,28.36,26.94,28.82,-0.22,0.49,0
24.4,28.36,27.18,28.82,-0.06,0.49,0
24.5,28.36,26.70,29.28,0.00,0.49,0
24.6,28.36,26.70,29.28,-0.03,0.49,0
24.6,28.36,26.94,29.05,-0.08,0.49,0
24.7,28.36,26.70,28.82,-0.11,0.49,0
24.8,28.59,27.42,29.51,-0.15,0.49,0
24.9,28.36,26.70,29.73,-0.20,0.49,0
25.0,28.13,26.70,28.82,-0.20,0.49,0
25.1,28.36,26.70,27.89,-0.21,0.49,0
25.2,28.36,26.94,29.73,-0.24,0.49,0
25.3,28.36,26.70,29.28,-0.20,0.49,0
25.4,28.59,26.94,29.05,-0.11,0.49,0
25.5,28.59,27.42,29.28,0.05,0.49,0
25.6,28.36,26.94,28.36,0.09,0.49,0
25.6,28.13,26.70,28.59,0.15,0.49,0
25.7,28.59,26.94,29.28,0.21,0.48,0
25.8,28.59,26.94,29.05,-0.01,0.49,0
25.9,28.36,26.94,29.05,-0.06,0.49,0
26.0,28.36,27.18,29.28,-0.11,0.49,0
26.1,28.36,26.94,29.51,-0.19,0.49,0
26.2,28.36,26.70,29.28,-0.20,0.49,0
26.3,28.36,26.94,29.05,-0.19,0.49,0
26.4,28.36,26.94,29.51,-0.23,0.49,0
26.5,28.36,26.94,29.28,-0.31,0.49,0
26.6,28.82,27.18,29.05,-0.38,0.49,0
26.7,28.36,26.94,29.28,-0.37,0.49,0
26.8,28.36,26.94,28.13,-0.36,0.49,0
26.8,28.36,26.70,29.73,-0.36,0.49,0
26.9,28.13,27.18,29.28,-0.33,0.49,0
27.0,28.36,26.94,29.51,-0.25,0.49,0
27.1,28.59,26.70,29.28,-0.27,0.49,0
27.2,28.36,26.94,29.51,-0.26,0.48,0
27.3,28.82,26.94,29.28,-0.26,0.48,0
27.4,28.36,26.94,29.28,-0.26,0.49,0
27.5,28.13,27.42,29.05,-0.28,0.49,0
27.6,29.05,26.70,28.82,-0.28,0.49,0
27.7,28.36,26.94,29.28,-0.29,0.49,0
27.8,28.36,26.94,28.13,-0.31,0.49,0
27.9,28.36,27.18,29.28,-0.31,0.49,0
27.9,28.59,26.94,29.28,-0.28,0.49,0
28.0,28.36,27.66,29.28,-0.25,0.49,0
28.1,28.36,26.94,28.59,-0.12,0.49,0
28.2,28.59,26.45,29.05,0.12,0.49,0
28.3,28.36,26.70,29.05,0.17,0.49,0
28.4,28.36,27.18,30.18,0.10,0.49,0
28.5,28.59,26.94,29.28,0.01,0.49,0
28.6,28.36,26.94,28.82,-0.02,0.49,0
28.7,28.36,27.18,29.51,0.01,0.49,0
28.8,28.59,26.70,29.51,-0.00,0.49,0
28.9,28.59,26.70,29.28,-0.03,0.49,0
29.0,28.59,26.94,29.73,-0.05,0.49,0
29.0,28.36,26.94,29.28,-0.08,0.49,0
29.1,28.36,26.94,28.59,-0.11,0.49,0
29.2,28.82,26.94,29.28,-0.12,0.49,0
29.3,28.36,26.94,29.28,-0.13,0.49,0
29.4,28.13,27.18,29.05,-0.16,0.50,0
29.5,28.36,26.94,29.28,-0.19,0.49,0
29.6,27.89,27.18,27.42,-0.20,0.49,0
29.7,28.36,26.94,29.95,-0.22,0.49,0
29.8,28.59,27.18,29.28,-0.25,0.49,0
29.9,28.59,26.94,29.05,-0.26,0.49,0
30.0,28.59,26.94,29.28,-0.28,0.49,0
30.1,28.59,27.18,29.51,-0.29,0.50,0
30.1,28.82,26.94,29.73,-0.30,0.49,0
30.2,28.59,26.70,29.28,-0.32,0.49,0
30.3,28.59,26.94,29.28,-0.31,0.49,0
30.4,28.36,26.70,28.36,-0.29,0.49,0
30.5,28.36,27.42,29.05,-0.28,0.50,0
30.6,28.36,27.42,29.05,-0.29,0.49,0
30.7,28.36,27.18,29.51,-0.32,0.49,0
30.8,28.59,26.94,29.51,-0.33,0.49,0
30.9,28.36,26.70,30.18,-0.33,0.49,0
31.0,28.36,26.94,29.05,-0.33,0.49,0
31.1,28.59,26.94,29.28,-0.23,0.49,0
31.2,28.36,26.94,29.28,0.07,0.49,0
31.2,29.28,27.18,29.28,0.26,0.49,0
31.3,28.36,26.94,29.05,0.24,0.49,0
31.4,28.36,27.18,29.05,0.19,0.49,0
31.5,28.59,27.18,29.51,0.15,0.49,0
31.6,29.28,27.18,29.28,0.14,0.49,0
31.7,28.36,27.18,29.28,0.12,0.49,0
31.8,28.36,27.18,29.05,0.09,0.49,0
31.9,28.59,27.18,29.28,0.08,0.49,0
32.0,28.36,27.18,27.42,0.11,0.49,0
32.1,28.36,27.18,29.05,0.10,0.49,0
32.2,29.28,27.18,29.28,0.06,0.48,0
32.3,28.36,27.42,27.89,-0.01,0.49,0
32.3,28.36,27.66,29.51,-0.06,0.49,0
32.4,28.36,27.66,29.28,-0.06,0.49,0
32.5,28.36,27.18,29.51,-0.11,0.49,0
32.6,28.59,27.18,29.28,-0.13,0.48,0
32.7,28.36,27.18,29.28,-0.14,0.49,0
32.8,28.36,27.42,27.66,-0.15,0.49,0
32.9,28.59,27.89,29.05,-0.20,0.49,0
33.0,28.59,27.42,29.51,-0.26,0.49,0
33.1,28.59,27.18,29.28,-0.31,0.49,0
33.2,28.59,27.18,29.28,-0.34,0.49,0
33.3,28.59,27.18,29.05,-0.24,0.49,0
33.4,28.82,26.45,29.05,-0.05,0.49,0
33.4,28.36,27.42,29.28,-0.12,0.49,0
33.5,28.59,26.94,29.28,-0.20,0.49,0
33.6,28.82,27.18,28.36,-0.25,0.49,0
33.7,28.82,27.18,29.28,-0.12,0.49,0
33.8,28.36,27.18,29.05,0.13,0.49,0
33.9,28.36,27.42,29.51,-0.04,0.49,0
34.0,28.36,27.18,28.59,-0.17,0.49,0
34.1,28.36,27.66,27.66,-0.21,0.49,0
34.2,28.13,27.42,29.28,-0.28,0.49,0
34.3,28.59,27.18,29.28,-0.32,0.49,0
34.4,28.59,27.42,29.51,-0.34,0.49,0
34.5,28.36,27.42,29.28,-0.26,0.49,0
34.6,28.59,26.94,29.05,-0.03,0.49,0
34.6,28.36,27.18,29.28,0.00,0.49,0
34.7,28.59,27.18,29.05,0.27,0.49,0
34.8,28.36,27.42,29.51,0.30,0.49,0
34.9,28.59,27.42,29.51,0.24,0.49,0
35.0,28.36,27.66,28.82,0.20,0.49,0
35.1,28.59,27.42,29.05,0.17,0.49,0
35.2,28.36,27.42,29.28,0.14,0.49,0
35.3,28.36,27.66,29.28,0.14,0.49,0
35.4,28.36,27.42,28.82,0.11,0.49,0
35.5,28.36,27.42,29.28,0.10,0.49,0
35.6,28.82,27.18,28.82,0.12,0.49,0
35.6,28.59,27.42,29.28,0.05,0.49,0
35.7,28.82,27.18,27.89,0.12,0.49,0
35.8,28.36,27.18,29.05,0.16,0.49,0
35.9,28.36,27.18,29.05,0.05,0.49,0
36.0,28.59,27.42,29.05,-0.04,0.49,0
36.1,29.05,27.42,29.05,-0.13,0.49,0
36.2,28.59,27.42,29.05,-0.15,0.49,0
36.3,28.36,27.18,29.05,-0.00,0.49,0
36.4,28.59,27.42,29.05,0.02,0.49,0
36.5,28.59,27.42,29.05,-0.02,0.49,0
36.6,28.59,27.66,29.73,-0.16,0.49,0
36.7,29.28,27.66,29.05,-0.26,0.49,0
36.8,29.05,28.13,29.51,-0.25,0.49,0
36.8,28.59,27.42,29.51,-0.10,0.49,0
36.9,28.36,27.18,29.28,-0.14,0.50,0
37.0,28.59,27.42,29.05,-0.26,0.49,0
37.1,28.36,27.42,29.73,-0.19,0.49,0
37.2,28.36,27.18,29.28,-0.19,0.49,0
37.3,28.36,27.18,26.94,-0.19,0.49,0
37.4,28.36,27.66,29.05,-0.20,0.49,0
37.5,28.59,27.66,29.05,-0.19,0.49,0
37.6,28.82,27.18,29.28,-0.17,0.49,0
37.7,28.59,27.42,29.51,-0.20,0.49,0
37.8,29.28,27.66,29.51,-0.19,0.49,0
37.9,28.36,27.42,28.82,-0.21,0.49,0
37.9,28.36,27.89,29.05,-0.25,0.49,0
38.0,28.59,27.89,29.28,-0.20,0.49,0
38.1,28.13,27.42,29.05,-0.16,0.49,0
38.2,28.59,27.42,29.28,-0.24,0.49,0
38.3,28.59,27.42,29.28,-0.20,0.49,0
38.4,28.36,27.42,29.05,-0.24,0.49,0
38.5,28.59,27.42,29.28,-0.21,0.49,0
38.6,28.59,27.42,29.51,-0.14,0.49,0
38.7,28.82,27.66,29.05,-0.10,0.49,0
38.8,28.13,27.42,29.28,-0.15,0.49,0
38.9,28.36,27.66,29.28,-0.26,0.49,0
39.0,28.36,27.42,29.28,-0.31,0.49,0
39.0,28.59,27.66,29.05,-0.32,0.49,0
39.1,28.36,27.18,29.28,-0.31,0.49,0
39.2,28.36,27.66,29.51,-0.31,0.49,0
39.3,28.36,27.42,29.05,-0.31,0.49,0
39.4,28.36,27.42,29.51,-0.30,0.49,0
39.5,28.36,27.42,29.05,-0.27,0.49,0
39.6,28.36,27.18,29.51,-0.29,0.49,0
39.7,28.36,27.42,29.28,-0.31,0.49,0
39.8,28.59,27.66,29.51,-0.34,0.49,0
39.9,28.36,27.42,29.28,-0.33,0.49,0
40.0,28.59,27.66,29.95,-0.34,0.49,0
40.1,28.36,27.42,29.05,-0.30,0.49,0
40.1,28.59,27.18,29.28,-0.29,0.49,0
40.2,27.89,27.42,29.51,-0.32,0.49,0
40.3,28.59,27.18,28.59,-0.33,0.49,0
40.4,28.59,27.42,29.05,-0.32,0.49,0
40.5,28.59,27.42,29.28,-0.25,0.49,0
40.6,28.59,27.42,29.05,-0.24,0.49,0
40.7,28.36,27.66,28.59,-0.23,0.49,0
40.8,28.59,27.89,29.73,0.01,0.49,0
40.9,28.36,27.42,27.89,0.04,0.49,0
41.0,28.36,27.18,29.05,-0.06,0.49,0
41.1,29.05,27.42,29.28,-0.09,0.49,0
41.2,28.36,27.18,29.28,-0.14,0.49,0
41.2,28.36,27.18,29.05,-0.24,0.49,0
41.3,28.36,27.89,29.05,-0.21,0.49,0
41.4,28.36,27.42,29.05,-0.20,0.49,0
41.5,28.13,27.42,29.05,-0.28,0.49,0
41.6,28.36,27.42,29.28,-0.31,0.49,0
41.7,28.59,27.42,29.05,-0.28,0.49,0
41.8,28.36,27.66,29.51,-0.33,0.49,0
41.9,28.36,27.89,29.28,-0.30,0.49,0
42.0,28.36,27.89,29.05,-0.26,0.49,0
42.1,28.36,27.42,28.13,-0.31,0.49,0
42.2,28.82,27.89,28.36,-0.38,0.49,0
42.3,28.36,27.66,29.05,-0.34,0.49,0
42.3,28.36,27.42,29.05,-0.24,0.49,0
42.4,28.36,27.42,29.05,-0.21,0.49,0
42.5,28.36,27.42,29.73,-0.14,0.49,0
42.6,28.59,27.66,28.36,-0.13,0.48,0
42.7,28.59,27.42,29.51,-0.16,0.49,0
42.8,27.89,27.42,29.28,-0.23,0.49,0
42.9,28.36,27.42,29.05,-0.30,0.49,0
43.0,28.59,27.42,28.82,-0.33,0.49,0
43.1,28.82,27.42,29.51,-0.41,0.49,0
43.2,28.59,27.89,29.28,-0.45,0.49,0
43.3,28.36,27.66,28.82,-0.20,0.48,0
43.4,28.36,27.89,29.05,-0.07,0.49,0
43.5,28.59,27.42,29.05,-0.21,0.49,0
43.5,28.59,27.66,28.82,-0.37,0.49,0
43.6,28.13,27.42,29.28,-0.47,0.49,0
43.7,28.36,27.66,29.05,-0.48,0.49,0
43.8,28.59,27.89,29.05,-0.36,0.49,0
43.9,28.36,27.18,29.28,-0.27,0.49,0
44.0,28.59,27.18,29.28,-0.29,0.49,0
44.1,28.36,27.66,29.05,-0.35,0.49,0
44.2,28.36,27.42,29.28,-0.35,0.49,0
44.3,28.13,27.89,29.05,-0.37,0.49,0
44.4,28.36,27.42,29.51,-0.38,0.49,0
44.5,28.59,27.66,29.28,-0.42,0.49,0
44.5,28.59,27.42,29.05,-0.45,0.49,0
44.7,28.82,26.94,29.05,-0.45,0.49,0
44.7,28.36,27.18,28.13,-0.39,0.49,0
44.8,28.36,27.66,29.05,-0.29,0.49,0
44.9,28.36,27.42,29.28,-0.39,0.49,0
45.0,28.82,27.66,29.28,-0.40,0.49,0
45.1,28.13,27.42,29.05,-0.28,0.49,0
45.2,28.36,27.42,29.05,-0.35,0.49,0
45.3,29.05,27.89,29.28,-0.29,0.49,0
45.4,28.59,27.18,30.40,-0.37,0.49,0
45.5,28.36,27.89,29.28,-0.30,0.49,0
45.6,29.05,27.89,29.28,-0.40,0.49,0
45.6,28.13,27.42,29.05,-0.45,0.49,0
45.7,28.36,27.42,29.05,-0.36,0.49,0
45.8,28.36,27.18,29.73,-0.43,0.49,0
45.9,28.36,26.94,28.82,-0.48,0.49,0
46.0,28.36,27.42,29.05,-0.44,0.49,0
46.1,28.36,27.66,28.13,-0.47,0.49,0
46.2,28.36,27.42,29.05,-0.45,0.49,0
46.3,28.36,27.42,29.28,-0.48,0.49,0
46.4,28.82,27.42,29.05,-0.40,0.49,0
46.5,28.36,27.66,29.05,-0.31,0.49,0
46.6,28.59,27.66,29.28,-0.43,0.49,0
46.7,28.59,27.42,28.82,-0.41,0.49,0
46.8,28.36,27.18,29.05,-0.37,0.49,0
46.8,28.59,27.89,29.28,-0.37,0.49,0
46.9,28.59,27.42,29.28,-0.39,0.49,0
47.0,28.59,27.42,29.28,-0.31,0.49,0
47.1,29.05,27.42,29.73,-0.11,0.49,0
47.2,28.59,27.42,29.05,-0.26,0.49,0
47.3,28.36,27.42,29.05,-0.39,0.49,0
47.4,28.59,27.66,29.05,-0.33,0.49,0
47.5,28.59,27.66,28.13,-0.27,0.49,0
47.6,28.36,27.42,28.82,-0.23,0.49,0
47.7,28.59,26.94,30.18,-0.15,0.49,0
47.8,28.59,27.18,28.82,-0.13,0.49,0
47.9,28.59,27.42,29.05,-0.27,0.49,0
47.9,28.13,27.18,29.05,-0.32,0.49,0
48.0,28.59,27.42,29.28,-0.31,0.49,0
48.1,28.59,27.42,29.95,-0.31,0.49,0
48.2,28.36,27.89,29.05,-0.35,0.49,0
48.3,28.82,27.66,29.28,-0.40,0.49,0
48.4,29.05,27.42,29.73,-0.41,0.49,0
48.5,28.13,27.42,29.28,-0.45,0.49,0
48.6,28.36,27.42,29.28,-0.52,0.48,0
48.7,28.13,27.66,29.28,-0.54,0.49,0
48.8,28.59,27.18,29.05,-0.53,0.49,0
48.9,28.36,27.18,29.05,-0.50,0.49,0
49.0,28.36,27.42,29.51,-0.54,0.49,0
49.0,28.36,27.42,29.05,-0.60,0.49,0
49.1,28.36,27.42,28.36,-0.60,0.49,0
49.2,28.59,27.42,28.36,-0.45,0.49,0
49.3,28.59,27.18,28.82,-0.37,0.48,0
49.4,28.59,27.18,29.05,-0.44,0.49,0
49.5,28.36,27.42,29.28,-0.49,0.49,0
49.6,28.59,27.42,29.05,-0.50,0.49,0
49.7,28.82,27.42,29.05,-0.48,0.49,0
49.8,28.36,27.18,30.18,-0.52,0.49,0
49.9,28.36,27.42,29.05,-0.56,0.49,0
50.0,28.59,27.18,27.18,-0.53,0.49,0
50.1,28.36,27.18,29.05,-0.52,0.49,0
50.1,28.59,27.18,29.51,-0.57,0.49,0
50.2,28.59,27.18,29.05,-0.59,0.49,0
50.3,28.13,27.18,29.05,-0.61,0.49,0
50.4,28.59,27.18,29.28,-0.62,0.49,0
50.5,28.82,27.18,29.05,-0.63,0.49,0
50.6,28.59,27.18,29.28,-0.62,0.49,0
50.7,28.59,27.42,29.05,-0.61,0.49,0
50.8,28.59,27.42,29.05,-0.61,0.49,0
50.9,28.59,27.42,29.73,-0.60,0.49,0
51.0,28.36,27.18,27.42,-0.62,0.49,0
51.1,28.59,27.42,28.82,-0.68,0.49,0
51.2,28.36,27.42,29.05,-0.68,0.49,0
51.2,28.36,27.18,29.05,-0.71,0.49,0
51.3,28.59,26.94,30.62,-0.69,0.49,0
51.4,28.59,27.18,29.28,-0.49,0.49,0
51.5,28.59,26.94,29.05,-0.35,0.49,0
51.6,28.59,27.18,29.05,-0.43,0.49,0
51.7,28.36,27.42,29.28,-0.48,0.49,0
51.8,28.36,27.18,29.05,-0.43,0.49,0
51.9,28.59,27.18,29.05,-0.13,0.49,0
52.0,29.28,27.18,29.28,0.05,0.49,0
52.1,28.82,27.89,27.89,-0.02,0.49,0
52.2,28.59,27.89,29.05,-0.07,0.49,0
52.3,28.59,27.18,29.28,-0.09,0.49,0
52.3,28.59,27.18,27.89,-0.12,0.49,0
52.4,28.59,27.42,29.28,-0.17,0.49,0
52.5,28.36,27.18,28.82,-0.20,0.49,0
52.6,28.36,27.42,29.51,-0.25,0.49,0
52.7,28.36,26.94,29.05,-0.26,0.49,0
52.8,28.36,27.18,28.82,-0.28,0.49,0
52.9,28.36,27.18,29.28,-0.30,0.49,0
53.0,28.59,27.42,29.51,-0.31,0.49,0
53.1,28.59,27.42,29.28,-0.25,0.49,0
53.2,28.36,27.18,29.05,-0.25,0.49,0
53.3,28.36,27.42,29.28,-0.35,0.49,0
53.4,28.59,26.94,29.05,-0.39,0.49,0
53.4,28.59,27.18,29.28,-0.36,0.49,0
53.5,28.59,27.18,28.13,-0.33,0.49,0
53.6,28.59,27.66,29.28,-0.33,0.49,0
53.7,28.36,27.18,28.82,-0.42,0.49,0
53.8,28.36,27.18,29.05,-0.48,0.49,0
53.9,28.59,27.42,29.73,-0.50,0.49,0
54.0,28.36,27.18,29.05,-0.50,0.49,0
54.1,28.82,27.42,29.05,-0.49,0.49,0
54.2,28.36,27.18,30.62,-0.47,0.49,0
54.3,28.36,27.42,29.05,-0.47,0.49,0
54.4,28.59,27.18,29.05,-0.50,0.49,0
54.5,28.36,27.18,29.05,-0.60,0.49,0
54.5,28.59,27.66,29.28,-0.63,0.49,0
54.6,27.89,26.94,29.05,-0.64,0.49,0
54.7,28.59,27.18,29.28,-0.64,0.49,0
54.8,28.13,26.94,27.66,-0.65,0.49,0
54.9,28.59,27.89,29.28,-0.66,0.49,0
55.0,28.59,27.42,28.82,-0.67,0.49,0
55.1,28.36,26.94,29.05,-0.67,0.49,0
55.2,28.36,27.18,29.05,-0.68,0.49,0
55.3,28.59,26.94,29.28,-0.67,0.49,0
55.4,28.59,27.42,29.05,-0.66,0.49,0
55.5,28.36,27.18,29.05,-0.66,0.49,0
55.6,28.36,27.42,28.82,-0.65,0.49,0
55.6,28.36,27.18,29.05,-0.64,0.49,0
55.7,28.36,26.94,29.51,-0.65,0.49,0
55.8,28.36,27.42,29.28,-0.67,0.49,0
55.9,28.59,27.18,29.05,-0.70,0.49,0
56.0,28.59,27.42,29.05,-0.64,0.49,0
56.1,28.59,27.18,29.05,-0.67,0.49,0
56.2,28.13,27.18,29.05,-0.73,0.49,0
56.3,28.59,27.18,29.05,-0.73,0.49,0
56.4,28.59,27.18,29.05,-0.73,0.49,0
56.5,28.36,27.18,29.28,-0.73,0.50,0
56.6,28.36,27.42,29.28,-0.72,0.49,0
56.7,28.59,27.66,29.05,-0.73,0.49,0
56.7,28.82,27.42,29.28,-0.73,0.49,0
56.8,28.36,27.18,28.82,-0.75,0.49,0
56.9,28.59,27.18,28.82,-0.74,0.49,0
57.0,27.89,27.18,29.05,-0.74,0.48,0
57.1,28.59,27.18,29.05,-0.73,0.49,0
57.2,28.59,27.18,29.05,-0.56,0.48,0
57.3,28.36,27.18,29.28,-0.49,0.49,0
57.4,28.36,27.18,29.05,-0.65,0.49,0
57.5,28.36,27.42,29.05,-0.72,0.49,0
57.6,28.59,27.42,28.82,-0.72,0.49,0
57.7,28.59,27.42,29.28,-0.72,0.48,0
57.8,28.59,27.18,29.05,-0.72,0.49,0
57.9,28.59,27.66,29.05,-0.71,0.49,0
57.9,28.59,26.94,27.42,-0.70,0.49,0
58.0,28.13,27.18,30.40,-0.69,0.49,0
58.1,28.59,27.18,29.05,-0.70,0.49,0
58.2,28.36,27.18,29.05,-0.71,0.49,0
58.3,28.36,27.18,29.28,-0.72,0.49,0
58.4,28.36,27.18,29.28,-0.73,0.49,0
58.5,28.36,26.94,29.05,-0.74,0.49,0
58.6,28.59,27.42,29.28,-0.73,0.49,0
58.7,28.59,27.42,28.59,-0.73,0.49,0
58.8,28.59,27.42,29.51,-0.73,0.48,0
58.9,28.59,27.18,28.82,-0.74,0.49,0
59.0,28.36,27.42,29.51,-0.74,0.49,0
59.0,28.13,27.66,29.05,-0.73,0.49,0
59.1,28.13,27.66,29.28,-0.73,0.49,0
59.2,28.59,27.18,29.05,-0.74,0.49,0
59.3,28.36,27.18,29.73,-0.74,0.50,0
59.4,28.36,27.18,29.05,-0.76,0.49,0
59.5,28.36,27.42,29.05,-0.75,0.49,0
59.6,28.36,27.42,29.05,-0.74,0.49,0
59.7,28.59,27.18,29.05,-0.75,0.49,0
59.8,28.59,27.42,29.05,-0.75,0.49,0
59.9,28.59,27.42,29.95,-0.75,0.49,0
60.0,28.82,26.94,29.28,-0.75,0.49,0
60.1,28.59,27.18,29.05,-0.75,0.49,0
60.1,28.36,27.42,29.51,-0.76,0.49,0
60.2,28.36,27.18,29.05,-0.74,0.49,0
60.3,28.36,27.18,29.05,-0.72,0.48,0
60.4,28.59,27.42,29.05,-0.74,0.49,0
60.5,28.59,27.18,28.13,-0.75,0.49,0
60.6,28.36,26.94,29.28,-0.63,0.49,0
60.7,28.36,27.18,28.82,-0.35,0.49,0
60.8,28.59,27.42,29.05,-0.36,0.49,0
60.9,28.59,27.42,29.05,-0.44,0.49,0
61.0,28.36,27.42,29.05,-0.50,0.49,0
61.1,28.59,27.18,29.28,-0.50,0.49,0
61.2,28.59,27.18,29.28,-0.46,0.49,0
61.2,28.36,27.42,29.05,-0.41,0.49,0
61.3,28.36,27.18,29.28,-0.40,0.49,0
61.4,28.82,27.42,29.28,-0.40,0.49,0
61.5,28.59,27.42,29.05,-0.39,0.49,0
61.6,28.36,26.94,28.82,-0.39,0.49,0
61.7,28.59,27.18,29.73,-0.37,0.49,0
61.8,28.59,27.18,28.36,-0.38,0.49,0
61.9,28.36,26.70,29.05,-0.39,0.48,0
62.0,28.59,27.18,29.05,-0.38,0.49,0
62.1,28.36,27.18,29.73,-0.41,0.49,0
62.2,28.82,27.18,29.05,-0.46,0.49,0
62.3,28.36,27.42,29.05,-0.47,0.49,0
62.3,28.36,27.18,29.51,-0.48,0.49,0
62.4,28.59,27.66,29.05,-0.49,0.49,0
62.5,28.59,27.66,29.05,-0.42,0.49,0
62.6,27.89,27.18,30.18,-0.42,0.49,0
62.7,28.13,27.42,28.82,-0.49,0.49,0
62.8,28.36,27.42,28.82,-0.52,0.49,0
62.9,28.82,26.94,29.28,-0.57,0.49,0
63.0,28.59,27.18,29.05,-0.60,0.48,0
63.1,28.36,27.42,29.51,-0.62,0.49,0
63.2,28.36,27.42,29.51,-0.65,0.49,0
63.3,28.36,27.66,29.51,-0.67,0.49,0
63.4,28.59,27.18,29.51,-0.67,0.49,0
63.4,28.36,26.94,29.28,-0.66,0.49,0
63.5,28.59,27.42,28.36,-0.69,0.49,0
63.6,28.59,27.66,29.05,-0.71,0.49,0
63.7,29.05,27.42,29.05,-0.70,0.49,0
63.8,28.59,27.18,29.05,-0.70,0.49,0
63.9,28.82,27.18,29.28,-0.71,0.49,0
64.0,28.36,27.18,29.05,-0.73,0.49,0
64.1,28.36,27.18,29.28,-0.73,0.49,0
64.2,28.36,27.42,29.05,-0.73,0.49,0
64.3,28.36,27.18,29.05,-0.78,0.49,0
64.4,28.82,26.94,29.73,-0.74,0.49,0
64.5,28.36,27.18,29.28,-0.59,0.49,0
64.5,28.59,27.66,29.28,-0.68,0.49,0
64.6,28.59,27.18,29.05,-0.75,0.49,0
64.7,28.59,27.18,29.05,-0.76,0.49,0
64.8,28.59,27.18,29.73,-0.77,0.49,0
64.9,28.59,27.18,29.05,-0.78,0.49,0
65.0,28.36,26.94,27.89,-0.79,0.49,0
65.1,28.36,27.18,29.05,-0.78,0.49,0
65.2,28.59,27.42,29.05,-0.77,0.49,0
65.3,28.36,27.18,29.05,-0.76,0.49,0
65.4,28.36,27.42,28.13,-0.71,0.49,0
65.5,28.36,27.42,29.28,-0.65,0.49,0
65.6,28.59,27.18,29.28,-0.73,0.49,0
65.6,28.82,27.18,29.05,-0.77,0.49,0
65.7,28.82,27.18,29.28,-0.79,0.49,0
65.8,28.59,27.66,29.73,-0.79,0.49,0
65.9,28.36,27.42,29.51,-0.78,0.49,0
66.0,28.36,27.42,29.51,-0.78,0.49,0
66.1,28.59,27.18,29.51,-0.77,0.49,0
66.2,28.59,27.18,29.28,-0.78,0.49,0
66.3,28.36,27.66,30.62,-0.78,0.49,0
66.4,28.36,26.94,29.05,-0.78,0.49,0
66.5,28.36,26.94,28.82,-0.79,0.49,0
66.6,28.13,27.42,29.28,-0.78,0.49,0
66.7,28.59,27.18,29.05,-0.77,0.49,0
66.7,28.82,27.18,29.28,-0.75,0.49,0
66.8,28.59,26.94,28.82,-0.75,0.49,0
66.9,28.36,27.18,29.28,-0.75,0.48,0
67.0,28.36,27.42,29.05,-0.74,0.49,0
67.1,28.36,27.42,29.05,-0.74,0.49,0
67.2,28.59,27.18,29.28,-0.75,0.49,0
67.3,28.36,27.18,30.18,-0.75,0.49,0
67.4,28.82,27.42,28.82,-0.75,0.49,0
67.5,28.59,27.42,28.59,-0.76,0.49,0
67.6,28.59,27.18,29.28,-0.77,0.49,0
67.7,28.59,27.42,29.05,-0.77,0.49,0
67.8,28.36,27.42,27.89,-0.75,0.49,0
67.9,28.59,27.18,29.28,-0.74,0.49,0
67.9,28.59,27.18,28.82,-0.62,0.49,0
68.0,28.59,27.18,29.05,-0.26,0.49,0
68.1,28.36,27.42,29.73,-0.24,0.49,0
68.2,28.36,27.42,29.05,-0.39,0.49,0
68.3,28.36,27.18,29.05,-0.46,0.49,0
68.4,28.36,26.94,29.05,-0.45,0.49,0
68.5,28.59,27.66,30.18,-0.30,0.49,0
68.6,28.36,27.66,28.36,-0.23,0.49,0
68.7,28.59,27.18,29.05,-0.27,0.49,0
68.8,29.05,27.18,27.66,-0.34,0.49,0
68.9,28.36,27.18,29.05,-0.38,0.49,0
69.0,28.36,27.18,29.28,-0.41,0.49,0
69.1,29.05,27.42,29.05,-0.43,0.49,0
69.2,28.59,27.18,29.05,-0.37,0.49,0
69.2,28.36,27.42,29.28,-0.24,0.49,0
69.3,28.36,27.42,29.28,-0.34,0.49,0
69.4,28.59,26.94,27.89,-0.43,0.49,0
69.5,28.59,27.18,27.18,-0.48,0.49,0
69.6,28.59,27.18,29.28,-0.56,0.49,0
69.7,28.59,27.18,29.28,-0.59,0.49,0
69.8,28.82,26.94,29.05,-0.59,0.49,0
69.9,28.59,28.13,27.42,-0.66,0.49,0
70.0,27.89,27.18,29.05,-0.63,0.49,0
70.1,28.59,27.42,29.28,-0.59,0.49,0
70.1,28.59,27.18,29.28,-0.47,0.49,0
70.2,28.36,27.42,28.82,-0.44,0.49,0
70.3,28.59,26.94,29.05,-0.64,0.49,0
70.4,28.82,27.18,29.05,-0.61,0.49,0
70.5,28.59,27.18,29.05,-0.36,0.48,0
70.6,28.82,27.18,29.05,-0.16,0.49,0
70.7,28.13,26.94,28.59,-0.06,0.49,0
70.8,27.89,27.18,29.05,-0.13,0.49,0
70.9,28.82,27.66,29.51,-0.23,0.49,0
71.0,28.36,27.18,29.05,-0.24,0.48,0
71.1,28.36,27.66,26.94,-0.30,0.49,0
71.2,28.36,27.42,29.73,-0.33,0.49,0
71.2,28.36,27.18,29.05,-0.31,0.49,0
71.3,28.36,26.94,29.05,-0.34,0.49,0
71.4,28.59,27.18,29.05,-0.35,0.48,0
71.5,28.36,27.18,29.05,-0.32,0.49,0
71.6,28.36,26.94,28.82,-0.29,0.49,0
71.7,28.59,27.18,29.05,-0.42,0.49,0
71.8,28.13,27.18,27.42,-0.57,0.49,0
71.9,28.13,27.18,28.36,-0.49,0.49,0
72.0,28.59,26.94,28.82,-0.41,0.49,0
72.1,29.05,27.18,28.36,-0.53,0.49,0
72.2,28.13,27.42,29.05,-0.60,0.49,0
72.3,28.36,27.18,29.28,-0.59,0.49,0
72.3,29.05,26.94,27.18,-0.66,0.49,0
72.4,28.13,26.94,28.82,-0.67,0.49,0
72.5,28.36,26.94,29.05,-0.51,0.49,0
72.6,28.59,27.42,29.28,-0.36,0.49,0
72.7,28.13,27.18,29.51,-0.35,0.49,0
72.8,28.36,27.18,28.59,-0.36,0.49,0
72.9,27.89,26.94,28.82,-0.46,0.49,0
73.0,28.59,26.94,28.59,-0.55,0.49,0
73.1,28.36,26.94,29.28,-0.58,0.49,0
73.2,28.36,26.94,29.05,-0.51,0.48,0
73.3,28.36,26.94,27.42,-0.42,0.49,0
73.4,28.13,26.94,28.82,-0.50,0.49,0
73.4,28.36,27.18,29.05,-0.49,0.49,0
73.5,28.13,26.45,29.05,-0.45,0.49,0
73.6,28.36,26.94,28.82,-0.41,0.48,0
73.7,27.89,27.18,28.59,-0.43,0.49,0
73.8,28.36,27.42,29.28,-0.36,0.49,0
73.9,28.36,26.94,29.28,-0.47,0.49,0
74.0,28.36,26.94,28.82,-0.64,0.49,0
74.1,28.36,26.94,29.28,-0.62,0.49,0
74.2,27.89,26.94,29.05,-0.42,0.49,0
74.3,28.59,27.42,29.05,-0.23,0.49,0
74.4,29.05,26.94,29.05,-0.36,0.49,0
74.5,28.59,27.18,29.05,-0.40,0.49,0
74.5,28.36,27.18,27.66,-0.30,0.49,0
74.6,28.36,26.94,29.05,-0.29,0.50,0
74.7,28.59,26.94,29.05,-0.30,0.49,0
74.8,27.42,26.70,29.05,-0.35,0.49,0
74.9,28.36,26.94,28.59,-0.32,0.49,0
75.0,28.36,27.18,29.28,-0.34,0.49,0
75.1,28.13,26.70,28.59,-0.36,0.49,0
75.2,27.89,26.70,28.82,-0.44,0.49,0
75.3,28.36,26.70,29.05,-0.48,0.49,0
75.4,28.82,26.94,29.05,-0.51,0.49,0
75.5,28.36,26.94,29.51,-0.53,0.49,0
75.6,28.36,26.70,28.82,-0.55,0.49,0
75.7,28.36,26.70,28.82,-0.55,0.49,0
75.7,28.36,26.94,29.05,-0.37,0.49,0
75.8,28.36,26.70,29.05,-0.25,0.49,0
75.9,28.59,27.18,28.59,-0.28,0.49,0
76.0,28.13,26.94,29.05,-0.30,0.49,0
76.1,28.36,26.70,29.05,-0.31,0.49,0
76.2,28.36,26.94,28.82,-0.38,0.49,0
76.3,28.82,26.70,29.05,-0.43,0.49,0
76.4,28.59,26.70,28.59,-0.42,0.49,0
76.5,28.13,26.70,29.28,-0.44,0.49,0
76.6,28.82,26.94,28.13,-0.49,0.49,0
76.7,28.36,26.94,29.05,-0.52,0.49,0
76.8,28.36,27.18,29.95,-0.44,0.49,0
76.8,28.82,26.70,29.05,-0.57,0.49,0
76.9,28.36,26.94,29.05,-0.70,0.49,0
77.0,28.13,26.94,29.95,-0.57,0.49,0
77.1,28.82,26.94,29.05,-0.50,0.49,0
77.2,28.59,26.70,29.05,-0.63,0.49,0
77.3,28.59,27.18,29.05,-0.52,0.50,0
77.4,28.36,26.94,29.05,-0.44,0.48,0
77.5,28.36,26.45,29.51,-0.33,0.49,0
77.6,28.59,26.45,29.28,-0.18,0.49,0
77.7,28.13,26.94,29.73,-0.31,0.49,0
77.8,28.13,26.70,28.82,-0.40,0.49,0
77.9,28.59,26.45,29.73,-0.43,0.49,0
77.9,28.36,26.70,28.59,-0.43,0.49,0
78.0,28.36,26.70,29.28,-0.47,0.49,0
78.1,28.36,26.70,29.51,-0.51,0.49,0
78.2,27.89,26.70,29.28,-0.37,0.49,0
78.3,28.13,26.94,29.05,-0.30,0.49,0
78.4,28.59,26.70,29.51,-0.34,0.49,0
78.5,28.36,26.70,29.05,-0.40,0.49,0
78.6,28.36,26.70,29.28,-0.46,0.49,0
78.7,28.59,26.70,29.51,-0.46,0.49,0
78.8,28.36,27.42,28.82,-0.42,0.49,0
78.9,28.36,26.70,27.89,-0.41,0.50,0
79.0,28.59,26.45,28.82,-0.42,0.49,0
79.0,28.36,26.45,28.13,-0.39,0.49,0
79.1,28.36,26.70,28.82,-0.40,0.49,0
79.2,28.82,26.45,29.05,-0.45,0.49,0
79.3,28.13,26.70,27.89,-0.49,0.49,0
79.4,28.36,26.94,29.95,-0.51,0.48,0
79.5,28.13,26.70,29.05,-0.51,0.49,0
79.6,28.36,26.45,29.05,-0.51,0.49,0
79.7,28.13,26.70,29.05,-0.46,0.49,0
79.8,28.36,26.94,29.05,-0.34,0.49,0
79.9,28.36,26.70,29.05,-0.48,0.49,0
80.0,28.13,26.70,28.82,-0.47,0.49,0
80.1,28.36,26.45,28.82,-0.46,0.49,0
80.1,28.13,26.45,29.05,-0.41,0.49,0
80.2,28.36,26.45,29.05,-0.42,0.49,0
80.3,28.59,26.70,28.59,-0.53,0.49,0
80.4,28.13,26.45,29.05,-0.60,0.49,0
80.5,28.36,26.70,28.36,-0.63,0.49,0
80.6,28.36,26.45,29.51,-0.57,0.49,0
80.7,28.59,26.45,29.73,-0.43,0.49,0
80.8,28.13,26.70,29.05,-0.46,0.49,0
80.9,28.13,26.94,28.59,-0.60,0.49,0
81.0,28.36,26.45,29.05,-0.48,0.48,0
81.1,28.36,26.45,29.05,-0.42,0.49,0
81.2,28.36,26.70,29.51,-0.44,0.49,0
81.2,28.36,26.70,29.05,-0.49,0.49,0
81.3,28.36,26.94,28.82,-0.54,0.49,0
81.4,28.59,26.70,29.73,-0.58,0.49,0
81.5,28.36,26.45,29.05,-0.62,0.49,0
81.6,28.36,26.70,29.51,-0.55,0.49,0
81.7,28.13,26.70,29.05,-0.28,0.49,0
81.8,28.36,26.45,28.82,-0.21,0.49,0
81.9,28.36,26.45,29.51,-0.22,0.49,0
82.0,28.36,26.45,29.28,-0.24,0.49,0
82.1,28.59,26.45,29.05,-0.27,0.48,0
82.2,28.82,26.20,29.05,-0.28,0.49,0
82.3,28.36,26.20,29.05,-0.31,0.49,0
82.4,28.13,26.94,28.59,-0.35,0.49,0
82.4,28.13,26.45,28.82,-0.35,0.49,0
82.5,28.13,26.70,29.05,-0.38,0.48,0
82.6,28.13,26.70,28.13,-0.44,0.49,0
82.7,28.36,26.45,29.05,-0.47,0.49,0
82.8,28.36,26.45,29.05,-0.47,0.49,0
82.9,28.36,26.70,29.05,-0.47,0.49,0
83.0,28.13,26.45,28.82,-0.48,0.49,0
83.1,28.36,26.45,28.82,-0.52,0.49,0
83.2,28.36,26.45,30.18,-0.54,0.49,0
83.3,28.13,26.70,28.36,-0.43,0.49,0
83.4,28.36,26.20,29.05,-0.30,0.49,0
83.4,28.13,26.94,29.05,-0.40,0.49,0
83.5,28.13,26.45,29.05,-0.47,0.49,0
83.6,28.82,26.94,29.51,-0.52,0.48,0
83.7,28.36,26.20,29.51,-0.54,0.49,0
83.8,28.13,26.45,29.05,-0.53,0.49,0
83.9,28.13,26.45,28.82,-0.53,0.49,0
84.0,27.89,26.70,29.05,-0.50,0.49,0
84.1,28.36,26.45,29.05,-0.53,0.49,0
84.2,28.36,26.45,29.05,-0.47,0.49,0
84.3,28.59,26.45,29.05,-0.39,0.49,0
84.4,28.36,26.70,28.36,-0.40,0.49,0
84.5,28.36,26.94,29.05,-0.40,0.49,0
84.5,28.59,26.45,29.05,-0.41,0.49,0
84.6,28.36,26.45,29.05,-0.42,0.49,0
84.7,28.36,26.45,28.82,-0.42,0.49,0
84.8,28.13,26.20,29.05,-0.43,0.49,0
84.9,28.36,26.45,28.82,-0.43,0.49,0
85.0,28.36,26.45,29.05,-0.41,0.49,0
85.1,28.36,26.20,30.18,-0.42,0.49,0
85.2,28.82,26.45,29.05,-0.45,0.48,0
85.3,28.13,26.20,29.05,-0.45,0.49,0
85.4,28.13,26.70,29.28,-0.43,0.50,0
85.5,28.36,26.45,28.82,-0.42,0.49,0
85.6,28.13,26.45,28.82,-0.39,0.49,0
85.7,28.59,26.45,29.51,-0.41,0.49,0
85.7,28.36,26.20,29.28,-0.46,0.49,0
85.8,29.05,26.45,28.59,-0.51,0.49,0
85.9,28.59,25.96,28.82,-0.53,0.49,0
86.0,28.82,26.45,29.05,-0.52,0.49,0
86.1,28.13,26.45,29.05,-0.51,0.49,0
86.2,28.13,26.45,29.05,-0.54,0.49,0
86.3,28.36,26.20,29.28,-0.56,0.48,0
86.4,28.82,26.45,30.40,-0.54,0.49,0
86.5,28.13,26.20,28.59,-0.40,0.49,0
86.6,28.13,26.20,29.05,-0.34,0.49,0
86.7,28.36,26.20,28.82,-0.40,0.49,0
86.8,28.59,26.20,29.28,-0.51,0.49,0
86.8,28.36,26.20,28.36,-0.54,0.49,0
86.9,28.13,26.20,29.05,-0.54,0.49,0
87.0,27.89,26.45,29.51,-0.53,0.49,0
87.1,28.13,26.45,28.82,-0.49,0.49,0
87.2,28.13,26.45,29.05,-0.49,0.49,0
87.3,27.66,26.45,29.05,-0.53,0.49,0
87.4,28.13,26.20,29.05,-0.58,0.49,0
87.5,28.13,26.20,28.82,-0.60,0.49,0
87.6,28.59,26.45,28.82,-0.63,0.49,0
87.7,28.13,26.20,28.36,-0.59,0.49,0
87.8,28.13,26.45,28.82,-0.57,0.49,0
87.9,28.13,26.45,29.73,-0.57,0.49,0
87.9,28.36,26.45,29.51,-0.59,0.49,0
88.0,28.36,26.45,29.05,-0.60,0.49,0
88.1,28.36,26.45,29.28,-0.60,0.49,0
88.2,28.36,25.96,29.05,-0.60,0.49,0
88.3,28.36,26.45,28.82,-0.59,0.48,0
88.4,28.36,26.20,27.89,-0.62,0.49,0
88.5,28.36,26.94,28.82,-0.64,0.49,0
88.6,28.36,26.70,29.28,-0.66,0.49,0
88.7,28.13,26.45,28.82,-0.68,0.49,0
88.8,28.13,26.45,27.42,-0.63,0.49,0
88.9,28.36,26.45,28.82,-0.54,0.49,0
89.0,28.36,26.20,29.51,-0.54,0.49,0
89.0,28.36,26.20,29.05,-0.55,0.49,0
89.1,28.36,26.20,27.18,-0.43,0.49,0
89.2,28.13,26.45,26.94,-0.28,0.49,0
89.3,28.36,26.20,29.05,-0.32,0.49,0
89.4,28.36,26.20,27.66,-0.37,0.49,0
89.5,28.13,26.45,28.59,-0.40,0.49,0
89.6,28.36,26.20,28.82,-0.39,0.49,0
89.7,28.36,25.96,28.82,-0.35,0.49,0
89.8,28.36,26.45,29.05,-0.31,0.49,0
89.9,28.36,26.45,28.82,-0.29,0.49,0
90.0,28.13,26.45,29.28,-0.29,0.49,0
90.1,28.59,25.96,30.62,-0.28,0.49,0
90.1,28.59,26.45,28.59,-0.27,0.49,0
90.2,27.66,26.20,29.05,-0.26,0.49,0
90.3,28.13,26.70,28.82,-0.27,0.49,0
90.4,28.36,27.18,29.05,-0.27,0.49,0
90.5,28.13,26.70,29.51,-0.29,0.49,0
90.6,28.82,26.20,29.05,-0.32,0.49,0
90.7,28.36,25.96,29.05,-0.35,0.49,0
90.8,28.36,26.20,29.05,-0.38,0.49,0
90.9,28.13,26.20,28.82,-0.42,0.49,0
91.0,28.36,26.70,29.28,-0.47,0.49,0
91.1,28.36,26.20,28.59,-0.51,0.49,0
91.2,28.13,26.20,28.82,-0.51,0.49,0
91.2,28.13,26.20,28.59,-0.54,0.49,0
91.3,28.36,26.20,28.82,-0.57,0.49,0
91.4,28.13,26.20,28.82,-0.45,0.49,0
91.5,28.13,26.20,27.89,-0.32,0.49,0
91.6,28.13,26.20,28.82,-0.38,0.49,0
91.7,28.13,26.45,29.05,-0.39,0.49,0
91.8,28.36,26.20,29.05,-0.43,0.48,0
91.9,28.59,26.45,28.82,-0.46,0.48,0
92.0,28.59,26.20,28.82,-0.49,0.49,0
92.1,28.36,26.45,29.05,-0.52,0.49,0
92.2,28.36,25.96,29.05,-0.55,0.49,0
92.3,28.36,26.45,29.51,-0.54,0.49,0
92.4,28.36,26.45,29.28,-0.45,0.49,0
92.4,28.13,26.45,29.05,-0.46,0.49,0
92.5,28.36,26.20,29.05,-0.52,0.48,0
92.6,28.36,26.20,29.05,-0.56,0.49,0
92.7,28.82,26.45,29.05,-0.58,0.49,0
92.8,28.13,26.20,28.59,-0.52,0.49,0
92.9,28.13,25.96,29.05,-0.47,0.49,0
93.0,28.13,26.20,27.89,-0.50,0.49,0
93.1,28.36,26.20,28.82,-0.50,0.49,0
93.2,28.36,26.45,28.82,-0.45,0.49,0
93.3,28.36,26.45,29.05,-0.41,0.49,0
93.4,28.13,26.20,28.82,-0.41,0.49,0
93.5,28.36,26.70,29.28,-0.40,0.49,0
93.5,28.36,26.20,27.89,-0.37,0.49,0
93.6,28.13,26.20,28.13,-0.34,0.49,0
93.7,28.59,26.20,29.28,-0.40,0.49,0
93.8,28.59,26.45,28.82,-0.44,0.49,0
93.9,28.13,26.45,28.82,-0.47,0.49,0
94.0,28.36,26.20,28.82,-0.48,0.49,0
94.1,28.36,26.20,29.05,-0.44,0.49,0
94.2,28.36,26.45,29.05,-0.39,0.49,0
94.3,28.36,26.45,29.28,-0.43,0.49,0
94.4,28.13,25.96,28.82,-0.44,0.49,0
94.5,28.13,26.20,28.82,-0.41,0.49,0
94.6,28.59,26.45,28.59,-0.41,0.49,0
94.6,28.36,25.71,28.82,-0.44,0.49,0
94.7,28.36,26.20,28.82,-0.50,0.49,0
94.8,28.13,26.45,28.82,-0.46,0.49,0
94.9,28.36,25.96,28.82,-0.41,0.49,0
95.0,28.36,26.45,29.05,-0.45,0.49,0
95.1,28.36,25.96,29.95,-0.47,0.49,0
95.2,28.13,25.71,29.05,-0.48,0.49,0
95.3,28.13,26.20,29.05,-0.50,0.49,0
95.4,28.13,25.96,28.82,-0.50,0.49,0
95.5,28.13,26.20,28.82,-0.53,0.49,0
95.6,28.13,25.71,28.82,-0.53,0.49,0
95.7,28.13,26.20,29.28,-0.54,0.49,0
95.7,28.36,25.96,28.36,-0.59,0.49,0
95.8,28.13,26.20,29.95,-0.58,0.49,0
95.9,28.13,26.20,29.05,-0.37,0.49,0
96.0,28.36,25.96,28.59,-0.36,0.49,0
96.1,28.36,25.96,28.82,-0.44,0.49,0
96.2,28.13,26.20,27.66,-0.52,0.49,0
96.3,28.82,26.20,28.82,-0.58,0.49,0
96.4,28.13,26.20,28.82,-0.59,0.49,0
96.5,28.13,25.96,28.82,-0.58,0.49,0
96.6,28.36,26.20,29.05,-0.57,0.49,0
96.7,28.13,25.96,29.05,-0.45,0.49,0
96.8,28.36,26.20,29.05,-0.39,0.49,0
96.8,28.13,25.96,29.73,-0.47,0.49,0
96.9,28.36,25.96,29.05,-0.45,0.49,0
97.0,27.89,26.20,28.82,-0.45,0.49,0
97.1,27.89,25.96,29.28,-0.49,0.49,0
97.2,28.13,26.20,28.82,-0.51,0.48,0
97.3,28.36,26.20,28.82,-0.51,0.49,0
97.4,28.36,26.20,28.82,-0.53,0.49,0
97.5,27.89,26.20,30.18,-0.55,0.49,0
97.6,28.59,25.96,28.82,-0.53,0.49,0
97.7,28.13,26.20,28.82,-0.51,0.49,0
97.8,28.59,25.96,28.82,-0.49,0.49,0
97.9,28.36,26.20,29.05,-0.46,0.49,0
97.9,28.36,26.20,29.05,-0.48,0.49,0
98.0,28.36,26.20,29.05,-0.46,0.49,0
98.1,28.36,26.20,29.95,-0.21,0.49,0
98.2,28.13,25.96,28.82,-0.25,0.49,0
98.3,28.36,25.96,29.05,-0.40,0.49,0
98.4,28.13,25.71,28.59,-0.47,0.49,0
98.5,28.36,26.20,29.51,-0.48,0.49,0
98.6,28.36,25.71,28.82,-0.45,0.49,0
98.7,28.13,25.96,30.18,-0.44,0.49,0
98.8,28.36,26.20,28.82,-0.43,0.49,0
98.9,28.36,26.45,29.05,-0.36,0.49,0
99.0,28.13,26.20,28.82,-0.29,0.49,0
99.0,27.89,26.20,29.05,-0.25,0.49,0
99.1,28.13,25.96,28.13,-0.21,0.49,0
99.2,28.36,26.20,28.82,-0.21,0.48,0
99.3,28.36,25.96,28.82,-0.23,0.49,0
99.4,28.13,26.45,26.94,-0.25,0.48,0
99.5,28.13,26.20,29.05,-0.29,0.49,1
99.6,28.13,25.96,28.82,-0.33,0.49,1
99.7,28.13,26.20,29.05,-0.37,0.49,1
99.8,28.59,25.96,28.82,-0.35,0.49,1
99.9,28.13,25.96,28.82,-0.30,0.49,1
100.0,28.36,26.20,29.05,-0.36,0.49,1
100.1,28.13,25.96,28.82,-0.43,0.49,0
100.1,28.13,26.20,29.05,-0.43,0.49,0
100.2,28.13,26.20,28.36,-0.42,0.49,0
100.3,28.13,26.20,29.95,-0.35,0.48,0
100.4,28.59,25.96,28.59,-0.41,0.50,0
100.5,28.13,25.71,28.82,-0.47,0.49,0
100.6,28.36,25.96,29.05,-0.49,0.49,0
100.7,28.13,25.96,27.42,-0.45,0.49,0
100.8,28.36,26.20,29.05,-0.38,0.49,0
100.9,28.13,26.20,28.82,-0.49,0.49,0
101.0,28.36,25.96,28.82,-0.54,0.49,0
101.1,27.66,25.96,28.82,-0.35,0.49,0
101.2,28.36,25.96,28.59,-0.30,0.49,0
101.3,27.66,26.20,28.13,-0.31,0.49,0
101.3,27.89,26.20,28.82,-0.32,0.49,0
101.4,27.42,25.96,27.42,-0.35,0.49,0
101.5,28.13,25.96,28.59,-0.37,0.49,0
101.6,28.36,25.96,28.82,-0.33,0.49,0
101.7,28.13,25.96,29.05,-0.29,0.49,0
101.8,28.59,25.96,28.36,-0.28,0.49,0
101.9,28.13,25.96,29.28,-0.31,0.49,0
102.0,28.13,25.96,29.05,-0.33,0.49,0
102.1,28.36,26.45,29.05,-0.37,0.49,0
102.2,28.13,25.96,29.95,-0.43,0.49,0
102.3,28.13,25.96,28.82,-0.46,0.49,0
102.4,28.36,25.96,28.82,-0.48,0.49,0
102.4,28.36,25.71,28.82,-0.48,0.49,0
102.5,28.13,26.20,29.05,-0.50,0.49,0
102.6,28.13,25.96,28.82,-0.42,0.49,0
102.7,27.89,25.96,28.59,-0.43,0.49,0
102.8,28.36,25.96,28.82,-0.50,0.49,0
102.9,28.13,25.20,28.82,-0.44,0.49,0
103.0,28.13,25.96,28.82,-0.45,0.48,0
103.1,28.36,25.96,28.13,-0.49,0.49,0
103.2,28.13,26.20,28.82,-0.54,0.49,0
103.3,28.13,25.96,29.05,-0.45,0.49,0
103.4,28.13,25.96,28.82,-0.41,0.49,0
103.5,28.13,25.96,29.05,-0.43,0.49,0
103.5,28.13,25.96,28.82,-0.41,0.49,0
103.6,28.13,25.96,27.18,-0.40,0.49,0
103.7,27.66,25.96,28.82,-0.40,0.48,0
103.8,28.13,26.20,30.62,-0.41,0.49,0
103.9,28.36,25.71,28.82,-0.42,0.48,0
104.0,28.13,25.96,28.82,-0.39,0.49,0
104.1,28.13,25.96,30.84,-0.32,0.49,0
104.2,27.89,25.96,28.82,-0.32,0.49,0
104.3,28.13,25.96,28.82,-0.33,0.49,0
104.4,28.13,26.20,28.59,-0.34,0.49,0
104.5,28.36,25.46,28.82,-0.37,0.49,0
104.6,28.36,25.96,27.89,-0.38,0.48,0
104.6,28.59,26.45,28.82,-0.38,0.49,0
104.7,28.13,25.96,28.36,-0.40,0.49,0
104.8,28.36,26.20,29.05,-0.41,0.49,0
104.9,27.89,25.96,28.82,-0.42,0.49,0
105.0,28.13,25.96,29.51,-0.39,0.49,0
105.1,27.89,25.71,27.89,-0.36,0.49,0
105.2,28.13,25.71,29.05,-0.39,0.49,0
105.3,28.13,25.96,28.82,-0.37,0.49,0
105.4,28.13,25.96,28.82,-0.46,0.49,0
105.5,27.89,25.96,28.82,-0.49,0.49,0
105.6,27.89,25.96,28.82,-0.50,0.49,0
105.7,28.13,25.96,28.82,-0.50,0.49,0
105.7,28.13,25.71,29.05,-0.50,0.49,0
105.8,28.13,25.96,29.28,-0.52,0.49,1
105.9,28.13,25.71,28.59,-0.83,0.49,1
106.0,28.82,25.96,29.05,-1.10,0.50,1
106.1,28.59,26.45,29.05,-1.04,0.56,1
106.2,28.13,25.96,28.82,-1.05,0.62,1
106.3,28.13,25.71,28.82,-1.03,0.70,1
106.4,28.13,25.71,28.36,-1.08,0.76,1
106.5,28.13,25.96,28.82,-1.11,0.79,1
106.6,28.36,25.96,29.05,-1.06,0.81,1
106.7,28.13,25.96,28.82,-1.05,0.82,1
106.8,28.13,25.96,28.82,-0.96,0.83,1
106.9,28.13,25.71,29.05,-0.99,0.84,1
106.9,28.13,25.96,30.40,-0.91,0.84,1
107.0,28.13,25.96,30.18,-0.81,0.85,1
107.1,28.13,25.96,29.05,-0.88,0.86,1
107.2,27.89,25.71,29.28,-0.96,0.85,1
107.3,28.13,26.20,29.05,-1.02,0.86,1
107.4,28.13,25.96,28.82,-1.10,0.86,1
107.5,28.13,25.71,28.82,-1.09,0.86,1
107.6,28.13,25.96,29.95,-1.02,0.87,1
107.7,28.13,25.96,29.28,-0.99,0.86,1
107.8,28.13,25.71,29.73,-1.00,0.87,1
107.9,28.13,25.71,29.51,-0.97,0.87,1
108.0,28.13,25.96,29.51,-0.99,0.87,1
108.0,28.13,25.71,29.51,-0.95,0.88,1
108.1,28.13,26.20,29.73,-0.86,0.87,1
108.2,28.13,25.71,29.73,-1.00,0.87,1
108.3,28.36,25.71,29.73,-1.01,0.87,1
108.4,28.13,25.96,29.95,-1.06,0.87,1
108.5,28.13,25.96,29.73,-1.11,0.87,1
108.6,28.13,25.96,29.95,-1.00,0.87,1
108.7,28.13,26.20,29.95,-0.88,0.88,1
108.8,28.13,25.71,29.95,-0.96,0.87,1
108.9,28.13,25.96,28.82,-0.95,0.87,1
109.0,28.13,25.96,30.40,-0.93,0.87,1
109.1,28.13,26.20,29.95,-0.94,0.87,1
109.1,28.13,25.71,29.95,-0.89,0.87,1
109.2,28.13,25.96,30.40,-0.80,0.87,1
109.3,28.13,25.71,30.62,-0.79,0.88,1
109.4,28.36,26.20,30.84,-0.81,0.87,1
109.5,27.66,25.96,30.84,-0.83,0.87,1
109.6,28.13,25.96,30.84,-0.85,0.88,1
109.7,28.13,25.96,30.84,-0.84,0.87,1
109.8,27.66,25.71,31.05,-0.80,0.88,1
109.9,27.89,25.96,31.27,-0.78,0.87,1
110.0,28.13,25.71,31.27,-0.82,0.87,1
110.1,28.13,25.71,31.48,-0.85,0.87,1
110.2,27.89,25.96,32.95,-0.84,0.87,1
110.2,28.13,25.96,32.12,-0.86,0.88,1
110.3,27.66,25.96,32.33,-0.81,0.87,1
110.4,28.13,25.71,32.54,-0.76,0.88,1
110.5,28.13,25.96,32.75,-0.80,0.87,1
110.6,27.89,25.71,33.16,-0.86,0.87,1
110.7,28.13,25.96,33.36,-0.88,0.87,1
110.8,28.36,25.71,33.77,-0.86,0.87,1
110.9,27.66,25.96,33.77,-0.85,0.88,1
111.0,28.13,25.96,34.77,-0.83,0.87,1
111.1,27.66,25.96,35.16,-0.77,0.88,1
111.2,28.13,25.96,35.36,-0.86,0.88,1
111.3,28.59,25.96,35.94,-0.50,0.87,1
111.3,27.89,25.96,36.51,-0.18,0.88,1
111.4,28.13,25.71,36.89,-0.19,0.87,1
111.5,28.13,25.96,37.26,-0.19,0.87,1
111.6,28.13,25.96,36.89,-0.17,0.87,0
111.7,28.13,26.20,38.19,-0.15,0.87,0
111.8,28.13,25.96,38.55,-0.06,0.88,0
111.9,28.13,25.96,39.09,-0.09,0.87,0
112.0,28.36,25.96,39.27,-0.07,0.88,0
112.1,28.36,25.96,39.63,-0.04,0.87,0
112.2,28.13,25.96,40.33,-0.07,0.87,0
112.3,27.89,25.71,40.68,-0.11,0.87,0
112.4,28.36,25.96,40.50,-0.18,0.87,0
112.4,28.13,25.96,41.37,-0.09,0.87,0
112.5,28.13,25.96,41.88,-0.11,0.87,0
112.6,27.89,25.96,41.37,-0.15,0.87,0
112.7,28.13,25.96,42.55,-0.27,0.87,0
112.8,28.36,25.96,42.88,-0.39,0.86,0
112.9,28.13,26.20,43.22,-0.31,0.86,0
113.0,28.13,26.20,42.88,-0.25,0.86,0
113.1,28.13,26.20,43.71,-0.31,0.85,0
113.2,28.13,25.71,44.20,-0.39,0.85,0
113.3,28.36,25.96,44.20,-0.51,0.83,0
113.4,28.13,25.71,44.68,-0.53,0.81,0
113.5,28.13,25.96,44.84,-0.49,0.75,0
113.5,27.89,25.71,45.16,-0.03,0.66,0
113.6,28.36,25.96,44.68,-0.02,0.57,0
113.7,28.13,25.96,45.48,-0.28,0.51,1
113.9,28.13,25.46,45.95,-0.39,0.50,1
113.9,28.13,25.96,45.32,-0.41,0.49,1
114.0,28.36,25.96,46.42,-0.45,0.49,1
114.1,28.36,25.71,46.89,-0.46,0.49,1
114.2,28.36,25.96,46.89,-0.45,0.49,1
114.3,28.59,25.71,46.27,-0.50,0.49,0
114.4,28.36,25.96,47.35,-0.55,0.49,0
114.5,28.13,25.71,47.35,-0.48,0.49,0
114.6,27.89,26.20,48.27,-0.52,0.49,0
114.6,28.13,25.71,47.81,-0.56,0.49,0
114.7,28.13,25.96,47.96,-0.55,0.49,0
114.8,28.36,25.96,48.12,-0.50,0.49,0
114.9,28.13,25.71,48.27,-0.50,0.49,0
115.0,28.13,25.96,47.81,-0.54,0.49,0
115.1,28.13,25.96,48.42,-0.59,0.49,0
115.2,28.36,25.71,48.57,-0.67,0.49,0
115.3,28.13,25.71,48.72,-0.64,0.49,0
115.4,28.36,25.96,48.72,-0.50,0.48,0
115.5,28.13,26.20,49.02,-0.30,0.49,0
115.6,28.13,25.71,49.17,-0.45,0.49,0
115.7,28.59,25.96,49.17,-0.52,0.49,0
115.7,28.36,25.96,49.17,-0.44,0.49,0
115.8,28.36,25.71,49.32,-0.55,0.49,0
115.9,28.13,25.96,48.57,-0.62,0.48,0
116.0,28.13,25.96,49.47,-0.59,0.49,0
116.1,28.13,25.96,49.47,-0.37,0.49,0
116.2,28.13,25.71,49.62,-0.39,0.49,0
116.3,28.13,25.71,49.77,-0.50,0.49,0
116.4,28.13,25.96,49.62,-0.54,0.49,0
116.5,28.13,25.71,49.77,-0.50,0.49,0
116.6,28.36,25.71,49.77,-0.55,0.49,0
116.7,28.13,25.96,49.47,-0.48,0.49,0
116.8,28.36,25.71,49.77,-0.41,0.49,0
116.9,28.36,25.71,49.91,-0.44,0.49,0
116.9,28.13,25.46,49.91,-0.44,0.49,0
117.0,28.36,25.96,49.62,-0.45,0.49,0
117.1,27.89,25.96,50.06,-0.46,0.49,0
117.2,28.13,25.96,50.06,-0.48,0.49,0
117.3,27.89,25.71,50.21,-0.53,0.49,0
117.4,27.89,25.71,50.06,-0.55,0.49,0
117.5,28.13,25.96,50.06,-0.57,0.49,0
117.6,28.13,25.96,50.06,-0.54,0.49,0
117.7,28.13,25.96,50.06,-0.62,0.49,0
117.8,28.13,26.20,50.21,-0.69,0.49,0
117.9,28.13,25.71,50.21,-0.60,0.49,0
118.0,28.36,25.96,50.06,-0.45,0.49,0
118.0,28.36,25.71,50.21,-0.53,0.49,0
118.1,28.13,25.96,50.21,-0.65,0.49,0
118.2,28.13,25.71,49.91,-0.60,0.49,0
118.3,28.13,25.96,50.21,-0.52,0.49,0
118.4,28.13,25.96,50.21,-0.58,0.49,0
118.5,28.13,25.96,50.21,-0.59,0.49,0
118.6,28.59,25.96,50.21,-0.56,0.49,0
118.7,28.36,25.96,50.21,-0.43,0.49,0
118.8,28.36,26.20,49.47,-0.40,0.49,0
118.9,27.66,25.71,50.21,-0.52,0.49,0
119.0,28.36,25.46,50.21,-0.58,0.49,0
119.1,28.13,25.96,50.35,-0.65,0.48,0
119.1,28.13,25.96,50.21,-0.59,0.49,0
119.2,28.36,26.20,50.21,-0.47,0.49,0
119.3,28.13,25.71,50.21,-0.52,0.49,0
119.4,28.13,25.96,49.62,-0.61,0.49,0
119.5,28.13,25.96,50.65,-0.49,0.49,0
119.6,28.13,25.96,50.21,-0.36,0.49,0
119.7,28.36,25.96,50.21,-0.48,0.49,0
119.8,28.13,25.71,50.21,-0.50,0.49,0
119.9,28.36,25.20,50.21,-0.43,0.49,0
120.0,28.36,25.71,50.21,-0.36,0.49,0
120.1,28.13,25.96,50.21,-0.42,0.49,0
120.2,28.13,25.71,50.21,-0.42,0.48,0
120.2,28.36,25.71,49.91,-0.42,0.49,0
120.3,27.89,25.96,50.21,-0.41,0.49,0
120.4,28.36,25.96,50.35,-0.43,0.49,0
120.5,28.13,25.71,50.35,-0.44,0.49,0
120.6,28.36,25.96,50.21,-0.47,0.49,0
120.7,27.66,25.71,50.06,-0.49,0.49,0
120.8,28.36,25.71,50.35,-0.53,0.49,0
120.9,28.36,25.71,50.21,-0.56,0.49,0
121.0,28.36,25.96,50.21,-0.56,0.49,0
121.1,28.36,25.71,50.35,-0.54,0.48,0
121.2,28.36,25.96,50.35,-0.48,0.49,0
121.3,28.13,25.46,50.35,-0.35,0.49,0
121.3,28.13,25.96,50.06,-0.35,0.49,0
121.4,28.36,25.96,50.21,-0.39,0.49,0
121.5,28.36,26.20,50.21,-0.39,0.49,0
121.6,28.13,25.96,50.94,-0.39,0.49,0
121.7,28.36,25.96,51.38,-0.42,0.48,0
121.8,28.36,25.96,50.50,-0.47,0.49,0
121.9,28.36,25.96,50.50,-0.49,0.48,0
122.0,28.13,25.96,51.23,-0.50,0.49,0
122.1,28.36,25.71,51.95,-0.49,0.49,0
122.2,28.36,26.20,50.50,-0.46,0.48,0
122.3,28.13,25.71,50.65,-0.46,0.49,0
122.4,28.36,25.96,50.79,-0.51,0.49,0
122.4,28.59,25.71,50.65,-0.47,0.49,0
122.5,28.59,25.46,50.65,-0.51,0.49,0
122.6,28.36,25.96,51.52,-0.51,0.49,0
122.7,28.36,25.96,50.50,-0.48,0.49,0
122.8,28.36,25.96,50.65,-0.49,0.49,0
122.9,28.36,25.96,50.79,-0.51,0.49,0
123.0,28.59,25.96,50.79,-0.51,0.49,0
123.1,28.59,25.71,50.94,-0.52,0.49,0
123.2,27.89,25.71,49.77,-0.52,0.49,0
123.3,28.36,25.71,50.94,-0.51,0.49,0
123.4,28.13,25.71,50.79,-0.52,0.49,0
123.5,28.36,25.46,50.94,-0.53,0.49,0
123.6,28.36,25.71,51.09,-0.55,0.49,0
123.6,28.13,25.96,51.09,-0.56,0.49,0
123.7,28.36,25.96,51.23,-0.58,0.49,0
123.8,28.36,25.96,51.23,-0.56,0.49,0
123.9,28.82,25.71,51.23,-0.53,0.49,0
124.0,27.89,25.71,51.23,-0.54,0.49,0
124.1,28.36,25.71,51.23,-0.54,0.49,0
124.2,28.13,25.71,51.52,-0.53,0.49,0
124.3,28.36,25.71,51.38,-0.53,0.49,0
124.4,28.13,25.71,51.38,-0.55,0.49,0
124.5,27.89,25.46,51.38,-0.55,0.49,0
124.6,28.36,25.46,51.52,-0.45,0.48,0
124.7,28.59,26.20,51.95,-0.34,0.49,0
124.7,28.36,25.71,51.66,-0.39,0.49,0
124.8,28.36,25.96,51.66,-0.43,0.48,0
124.9,28.36,25.71,51.81,-0.44,0.49,0
125.0,28.36,25.96,51.81,-0.51,0.48,0
125.1,28.59,25.71,51.81,-0.62,0.49,0
125.2,28.36,25.96,52.10,-0.62,0.49,0
125.3,28.36,26.20,51.09,-0.51,0.49,0
125.4,28.82,25.71,51.81,-0.35,0.49,0
125.5,27.89,25.96,51.95,-0.43,0.48,0
125.6,28.36,25.71,52.10,-0.51,0.49,0
125.7,28.59,25.71,52.10,-0.47,0.48,0
125.8,28.36,26.20,51.81,-0.40,0.49,0
125.8,28.36,25.71,52.24,-0.47,0.49,0
125.9,28.36,25.96,52.24,-0.36,0.49,0
126.0,28.36,25.71,52.24,-0.34,0.49,0
126.1,28.36,25.20,52.38,-0.50,0.49,0
126.2,28.13,25.71,52.38,-0.61,0.49,0
126.3,28.36,25.71,52.38,-0.44,0.49,0
126.4,28.36,25.71,52.52,-0.47,0.49,0
126.5,28.36,25.71,52.52,-0.53,0.49,0
126.6,28.36,25.71,52.81,-0.41,0.49,0
126.7,28.36,25.71,52.67,-0.44,0.49,0
126.8,28.82,25.96,52.81,-0.09,0.49,0
126.9,28.36,25.96,52.95,0.38,0.49,0
126.9,28.59,25.46,52.95,-0.32,0.49,0
127.0,28.36,25.71,53.09,-0.39,0.48,0
127.1,28.36,25.71,52.81,-0.38,0.49,0
127.2,28.13,25.96,53.09,-0.37,0.49,0
127.3,28.36,25.96,53.23,-0.35,0.49,0
127.4,28.36,25.71,53.23,-0.41,0.49,0
127.5,28.36,25.46,53.37,-0.40,0.49,0
127.6,28.59,25.71,53.52,-0.33,0.49,0
127.7,28.36,25.96,53.52,-0.33,0.49,0
127.8,28.59,25.71,53.52,-0.34,0.49,0
127.9,28.36,25.71,53.66,-0.25,0.48,0
128.0,28.59,25.46,53.66,0.10,0.48,0
128.0,28.36,25.71,53.80,-0.15,0.49,0
128.1,28.59,25.71,53.80,-0.36,0.48,0
128.2,28.36,26.20,53.80,-0.37,0.49,0
128.3,28.36,25.71,53.80,-0.43,0.49,0
128.4,28.13,25.96,54.08,-0.45,0.49,0
128.5,28.36,25.71,54.08,-0.38,0.49,0
128.6,28.82,26.20,54.08,-0.43,0.49,0
128.7,28.82,25.96,54.22,-0.45,0.49,0
128.8,28.59,25.96,54.91,-0.48,0.49,0
128.9,28.36,25.96,54.36,-0.47,0.49,0
129.0,28.59,25.96,54.49,-0.39,0.49,0
129.1,28.36,25.71,54.63,-0.40,0.49,0
129.1,28.59,25.46,54.36,-0.42,0.49,0
129.2,28.13,25.71,54.77,-0.46,0.49,0
129.3,28.82,25.71,53.94,-0.47,0.49,0
129.4,28.13,25.96,54.91,-0.51,0.49,0
129.5,28.59,25.71,54.91,-0.48,0.49,0
129.6,28.59,25.46,55.05,-0.54,0.49,0
129.7,28.59,25.71,55.05,-0.63,0.48,0
129.8,28.36,25.71,55.05,-0.63,0.49,0
129.9,28.59,25.71,55.05,-0.67,0.49,0
130.0,29.05,25.71,55.33,-0.66,0.49,0
130.1,28.82,25.46,55.33,-0.67,0.49,0
130.2,28.59,25.71,55.74,-0.66,0.49,0
130.3,28.59,25.71,55.60,-0.51,0.49,0
130.3,28.59,25.71,55.60,-0.56,0.49,0
130.4,29.28,25.71,55.87,-0.53,0.49,0
130.5,28.59,25.71,55.74,-0.42,0.49,0
130.6,28.36,25.46,56.01,-0.41,0.48,0
130.7,28.59,26.20,56.01,-0.47,0.49,0
130.8,28.59,25.96,56.42,-0.57,0.49,0
130.9,28.82,25.71,56.15,-0.62,0.49,0
131.0,28.59,25.46,56.15,-0.63,0.49,0
131.1,28.59,25.71,57.23,-0.69,0.49,0
131.2,28.59,25.71,55.46,-0.67,0.49,0
131.3,28.59,25.71,56.56,-0.65,0.48,0
131.4,28.59,25.71,56.56,-0.65,0.49,0
131.4,28.36,25.71,56.56,-0.62,0.49,0
131.5,28.59,25.71,56.83,-0.49,0.49,0
131.6,28.59,26.20,56.83,-0.40,0.49,0
131.7,28.59,25.71,56.96,-0.43,0.49,0
131.8,28.59,25.71,56.96,-0.43,0.49,0
131.9,29.05,25.71,57.23,-0.47,0.49,0
132.0,28.82,25.71,57.10,-0.51,0.49,0
132.1,28.82,25.71,57.23,-0.54,0.49,0
132.2,28.82,25.71,57.37,-0.60,0.48,0
132.3,28.82,25.71,57.50,-0.63,0.49,0
132.4,29.05,25.71,57.50,-0.62,0.49,0
132.5,28.36,24.95,57.50,-0.65,0.49,0
132.5,28.82,25.20,57.77,-0.65,0.49,0
132.6,29.28,25.71,57.77,-0.64,0.49,0
132.7,28.82,25.46,58.44,-0.68,0.49,0
132.8,28.82,25.71,57.91,-0.69,0.49,0
132.9,29.05,25.96,57.91,-0.71,0.49,0
133.0,28.82,25.96,58.04,-0.71,0.49,0
133.1,29.05,25.71,58.17,-0.71,0.49,0
133.2,28.59,25.71,58.31,-0.71,0.49,0
133.3,29.05,25.71,58.44,-0.71,0.49,0
133.4,28.82,25.20,57.77,-0.67,0.49,0
133.5,29.28,25.71,58.58,-0.66,0.49,0
133.6,29.05,25.71,58.71,-0.66,0.48,0
133.6,29.28,25.71,58.44,-0.65,0.49,0
133.7,29.05,25.71,58.97,-0.66,0.48,0
133.8,29.05,25.96,58.97,-0.67,0.49,0
133.9,29.51,25.71,59.11,-0.67,0.49,0
134.0,29.05,25.46,58.97,-0.66,0.49,0
134.1,28.82,25.71,59.37,-0.57,0.49,0
134.2,28.59,25.71,59.37,-0.48,0.49,0
134.3,29.05,25.46,59.24,-0.41,0.49,0
134.4,29.05,25.96,59.50,-0.38,0.48,0
134.5,29.05,25.71,59.64,-0.35,0.49,0
134.6,28.59,25.71,59.90,-0.35,0.49,0
134.7,29.28,25.71,59.90,-0.37,0.49,0
134.7,29.28,25.46,59.90,-0.40,0.49,0
134.8,29.05,25.71,59.90,-0.41,0.49,0
134.9,29.28,25.20,60.03,-0.44,0.49,0
135.0,29.51,25.71,59.77,-0.48,0.48,0
135.1,29.28,25.71,60.29,-0.51,0.49,0
135.2,29.28,25.46,60.29,-0.50,0.49,0
135.3,29.28,25.96,60.82,-0.48,0.48,0
135.4,29.28,25.46,59.77,-0.48,0.49,0
135.5,29.05,25.71,60.56,-0.50,0.49,0
135.6,29.28,25.71,60.82,-0.52,0.49,0
135.7,29.28,25.71,60.82,-0.53,0.49,0
135.8,29.28,25.46,60.95,-0.54,0.48,0
135.8,29.28,25.96,60.95,-0.52,0.49,0
135.9,29.28,25.71,61.08,-0.51,0.48,0
136.0,29.28,25.71,61.21,-0.52,0.49,0
136.1,29.28,25.71,61.34,-0.51,0.49,0
136.2,29.28,25.71,60.56,-0.51,0.48,0
136.3,29.05,25.46,61.60,-0.53,0.49,0
136.4,29.28,25.46,61.60,-0.53,0.49,0
136.5,29.28,25.71,61.60,-0.53,0.49,0
136.6,29.51,25.96,62.12,-0.55,0.49,0
136.8,29.28,25.71,61.86,-0.57,0.49,0
136.8,29.28,24.95,62.12,-0.58,0.48,0
136.9,29.51,25.71,61.99,-0.57,0.49,0
137.0,29.51,25.71,62.12,-0.59,0.49,0
137.1,29.51,25.71,62.25,-0.59,0.49,0
137.2,28.82,25.71,62.38,-0.58,0.48,0
137.3,28.82,25.71,62.51,-0.58,0.49,0
137.4,29.51,25.71,62.51,-0.58,0.49,0
137.5,29.51,25.71,62.64,-0.58,0.49,0
137.5,29.95,25.71,62.76,-0.58,0.49,0
137.6,29.28,25.71,62.89,-0.58,0.49,0
137.7,29.73,25.46,62.64,-0.57,0.49,0
137.8,29.51,25.71,63.02,-0.60,0.49,0
137.9,29.28,25.71,63.15,-0.59,0.49,0
138.0,29.51,25.96,62.89,-0.59,0.49,0
138.1,29.95,25.71,63.28,-0.60,0.49,0
138.2,29.51,25.46,63.41,-0.58,0.49,0
138.2,29.73,25.46,63.53,-0.55,0.49,0
138.3,29.28,25.71,63.66,-0.57,0.49,0
138.4,29.73,25.46,63.79,-0.56,0.49,0
138.5,29.51,25.71,63.79,-0.55,0.49,0
138.6,29.73,25.71,63.92,-0.54,0.49,0
138.7,29.73,25.71,64.17,-0.55,0.49,0
138.8,29.73,25.71,64.17,-0.54,0.49,0
138.9,29.73,25.71,64.30,-0.54,0.49,0
139.0,29.73,25.71,64.43,-0.52,0.49,0
139.1,29.73,25.71,64.43,-0.54,0.48,0
139.2,29.73,25.46,64.68,-0.54,0.49,0
139.2,29.73,25.71,65.32,-0.54,0.49,0
139.3,29.51,25.71,64.94,-0.53,0.49,0
139.4,29.95,25.71,64.94,-0.53,0.49,0
139.5,29.73,25.71,65.32,-0.56,0.49,0
139.6,29.73,25.71,65.19,-0.54,0.49,0
139.7,29.73,25.71,65.32,-0.52,0.48,0
139.8,29.51,25.20,65.45,-0.50,0.49,0
139.9,29.95,25.46,65.57,-0.47,0.48,0
140.0,29.95,25.46,65.32,-0.48,0.48,0
140.1,29.51,25.71,65.83,-0.51,0.49,0
140.2,30.18,25.46,65.95,-0.55,0.49,0
140.3,29.95,25.71,66.08,-0.57,0.49,0
140.3,29.95,25.71,66.21,-0.57,0.49,0
140.4,29.95,25.20,66.33,-0.57,0.49,0
140.5,29.95,25.46,66.33,-0.58,0.49,0
140.6,29.95,25.20,66.58,-0.58,0.49,0
140.7,29.73,25.71,65.83,-0.59,0.49,0
140.8,29.95,25.71,66.71,-0.58,0.49,0
140.9,30.18,25.71,66.71,-0.50,0.49,0
141.0,30.18,25.46,66.96,-0.41,0.49,0
141.1,29.95,25.71,67.09,-0.40,0.49,0
141.2,30.18,25.46,67.21,-0.41,0.49,0
141.3,30.40,25.46,67.59,-0.45,0.48,0
141.4,29.95,25.71,66.96,-0.44,0.49,0
141.4,29.95,25.46,67.46,-0.43,0.49,0
141.5,30.18,25.71,67.59,-0.42,0.48,0
141.6,30.40,25.46,67.72,-0.31,0.49,0
141.7,30.18,25.20,67.84,-0.24,0.48,0
141.8,30.18,25.46,67.97,-0.27,0.49,0
141.9,30.40,25.71,68.34,-0.33,0.48,0
142.0,30.40,25.46,68.22,-0.41,0.49,0
142.1,30.40,25.96,68.59,-0.44,0.49,0
142.2,30.18,26.20,68.34,-0.48,0.48,0
142.3,30.18,25.71,68.47,-0.50,0.49,0
142.4,30.84,25.46,68.59,-0.53,0.49,0
142.5,30.18,25.71,68.84,-0.56,0.49,0
142.6,30.40,25.71,68.84,-0.59,0.48,0
142.6,30.18,25.46,69.22,-0.59,0.48,0
142.7,30.40,25.71,69.09,-0.60,0.49,0
142.8,30.40,25.71,69.22,-0.63,0.49,0
142.9,30.18,25.46,69.34,-0.59,0.48,0
143.0,30.40,25.71,69.34,-0.53,0.48,0
143.1,30.18,25.71,69.47,-0.50,0.49,0
143.2,30.40,25.46,69.59,-0.59,0.49,0
143.3,30.40,25.71,69.72,-0.61,0.48,0
143.4,30.40,25.71,69.72,-0.61,0.49,0
143.5,30.40,25.46,69.96,-0.61,0.49,0
143.6,30.62,25.46,69.96,-0.66,0.48,0
143.6,30.40,25.46,70.09,-0.67,0.49,0
143.7,30.62,25.71,70.21,-0.56,0.48,0
143.8,30.62,25.71,70.21,-0.42,0.49,0
143.9,30.62,25.46,70.34,-0.53,0.49,0
144.0,31.05,25.96,70.46,-0.63,0.49,0
144.1,30.62,25.46,70.46,-0.63,0.49,0
144.2,31.05,25.71,70.46,-0.65,0.48,0
144.3,30.62,25.71,70.46,-0.69,0.49,0
144.4,30.62,25.71,70.71,-0.69,0.48,0
144.5,30.40,25.71,70.84,-0.54,0.49,0
144.6,30.62,25.46,70.84,-0.62,0.48,0
144.7,30.18,25.20,71.33,-0.55,0.49,0
144.7,30.62,25.46,70.96,-0.35,0.49,0
144.8,30.62,25.46,71.08,-0.37,0.48,0
144.9,30.84,25.46,71.08,-0.47,0.49,0
145.0,31.27,25.71,70.84,-0.56,0.49,0
145.1,30.84,25.71,71.33,-0.59,0.48,0
145.2,31.05,25.96,71.58,-0.57,0.49,0
145.3,30.62,25.46,71.46,-0.56,0.48,0
145.4,30.84,25.46,71.46,-0.73,0.49,0
145.5,31.27,25.71,71.70,-0.79,0.49,0
145.6,30.62,25.71,72.08,-0.60,0.49,0
145.7,30.84,25.71,71.70,-0.51,0.48,0
145.8,31.27,25.71,71.21,-0.59,0.48,0
145.9,30.84,25.71,71.70,-0.64,0.49,0
145.9,30.84,25.71,72.32,-0.64,0.48,0
146.0,30.40,25.96,72.32,-0.68,0.49,0
146.1,30.84,25.46,72.32,-0.78,0.48,0
146.2,30.84,25.71,72.45,-0.79,0.48,0
146.3,31.05,25.71,72.57,-0.74,0.49,0
146.4,30.84,25.71,72.70,-0.65,0.48,0
146.5,31.27,25.96,72.82,-0.66,0.49,0
146.6,31.05,25.71,72.82,-0.65,0.49,0
146.7,31.05,25.71,72.94,-0.69,0.49,0
146.8,31.05,25.46,72.70,-0.73,0.49,0
146.9,31.05,25.46,73.19,-0.72,0.48,0
147.0,31.05,25.20,73.19,-0.64,0.49,0
147.0,31.27,25.46,73.32,-0.61,0.49,0
147.1,31.05,25.71,73.44,-0.64,0.49,0
147.2,31.05,25.46,73.56,-0.69,0.49,0
147.3,31.27,25.46,73.69,-0.50,0.48,0
147.4,31.27,25.46,73.69,-0.55,0.49,0
147.5,31.27,25.71,73.93,-0.59,0.48,0
147.6,31.27,25.46,73.69,-0.70,0.49,0
147.7,31.05,25.46,74.06,-0.73,0.49,0
147.8,31.27,25.46,74.18,-0.74,0.48,0
147.9,31.27,25.71,74.31,-0.55,0.49,0
148.0,31.27,25.71,74.43,-0.54,0.48,0
148.1,31.48,25.20,74.43,-0.46,0.49,0
148.1,31.27,25.46,74.68,-0.51,0.48,0
148.2,31.27,25.71,74.80,-0.55,0.48,0
148.3,31.27,25.71,74.80,-0.62,0.48,0
148.4,31.27,25.20,74.92,-0.74,0.48,0
148.5,31.48,25.46,74.92,-0.83,0.49,0
148.6,31.48,25.71,74.55,-0.55,0.48,0
148.7,31.48,25.71,75.17,-0.51,0.48,0
148.8,31.48,25.96,75.91,-0.54,0.49,0
148.9,31.48,25.20,75.42,-0.59,0.48,0
149.0,31.48,25.46,75.54,-0.73,0.49,0
149.1,31.70,25.71,75.67,-0.63,0.48,0
149.2,31.48,25.46,75.17,-0.61,0.49,0
149.2,31.48,25.71,75.79,-0.37,0.48,0
149.3,31.48,25.71,75.91,-0.42,0.48,0
149.4,31.70,25.46,76.04,-0.46,0.49,0
149.5,31.70,25.96,76.04,-0.43,0.48,0
149.6,31.70,25.71,76.16,-0.47,0.49,0
149.7,31.70,25.71,76.29,-0.56,0.49,0
149.8,31.91,25.71,76.41,-0.62,0.49,0
149.9,31.48,25.71,76.53,-0.66,0.49,0
150.0,31.70,25.71,76.53,-0.66,0.48,0
150.1,31.91,25.71,76.66,-0.67,0.49,0
150.2,31.91,25.96,76.78,-0.67,0.48,0
150.3,31.91,25.71,76.90,-0.67,0.48,0
150.3,31.91,25.46,76.90,-0.68,0.49,0
150.4,31.70,25.46,77.03,-0.66,0.49,0
150.5,31.70,25.71,77.15,-0.65,0.48,0
150.6,31.91,25.46,77.90,-0.69,0.48,0
150.7,31.91,24.95,77.28,-0.66,0.48,0
150.8,31.70,25.46,77.40,-0.67,0.48,0
150.9,32.12,25.71,77.40,-0.69,0.48,0
151.0,31.91,25.71,77.65,-0.67,0.49,0
151.1,32.12,25.71,77.65,-0.67,0.48,0
151.2,32.12,25.46,77.77,-0.68,0.49,0
151.3,32.12,25.46,77.90,-0.66,0.48,0
151.4,31.91,25.46,78.52,-0.64,0.49,0
151.4,32.12,25.71,77.28,-0.62,0.48,0
151.5,32.12,25.20,78.27,-0.63,0.48,0
151.6,31.48,25.46,78.27,-0.67,0.49,0
151.7,32.54,25.46,78.52,-0.69,0.49,0
151.8,32.12,25.71,78.52,-0.59,0.48,0
151.9,32.33,25.71,77.90,-0.58,0.49,0
152.0,32.33,25.46,78.64,-0.72,0.48,0
152.1,32.12,25.46,78.76,-0.75,0.49,0
152.2,32.33,25.46,78.89,-0.71,0.48,0
152.3,32.33,25.20,78.89,-0.48,0.49,0
152.4,32.33,25.20,79.01,-0.28,0.48,0
152.5,32.33,25.46,79.14,-0.36,0.48,0
152.5,32.33,25.46,79.26,-0.49,0.49,0
152.6,32.75,25.71,79.26,-0.63,0.48,0
152.7,32.54,25.20,79.26,-0.69,0.49,0
152.8,32.33,25.46,79.39,-0.67,0.48,0
152.9,32.75,25.71,79.63,-0.61,0.48,0
153.0,32.33,25.71,79.63,-0.61,0.49,0
153.1,32.54,25.71,78.89,-0.62,0.48,0
153.2,33.16,25.20,79.76,-0.60,0.49,0
153.3,32.75,25.20,79.88,-0.61,0.48,0
153.4,32.75,25.96,79.88,-0.61,0.48,0
153.5,32.54,25.71,80.13,-0.62,0.48,0
153.6,32.54,25.71,80.26,-0.65,0.48,0
153.7,32.12,25.46,80.26,-0.64,0.49,0
153.7,32.54,25.71,80.26,-0.64,0.48,0
153.8,32.54,25.46,80.38,-0.63,0.48,0
153.9,32.75,25.71,80.51,-0.61,0.49,0
154.0,32.54,25.71,80.63,-0.60,0.48,0
154.1,32.95,25.20,80.51,-0.63,0.49,0
154.2,32.75,25.71,80.63,-0.66,0.48,0
154.3,32.75,25.20,80.76,-0.62,0.49,0
154.4,32.95,25.71,81.38,-0.60,0.48,0
154.5,32.75,25.46,81.01,-0.61,0.48,0
154.6,32.75,25.46,81.01,-0.63,0.48,0
154.7,32.95,25.71,81.13,-0.67,0.48,0
154.8,32.95,25.96,81.26,-0.69,0.48,0
154.8,32.75,25.71,81.26,-0.69,0.48,0
155.0,32.95,25.71,81.38,-0.65,0.48,0
155.0,33.16,25.71,82.01,-0.62,0.48,0
155.1,33.16,25.46,81.51,-0.60,0.48,0
155.2,32.95,25.46,81.63,-0.46,0.49,0
155.3,33.36,25.96,81.76,-0.49,0.48,0
155.4,33.36,25.46,81.76,-0.58,0.48,0
155.5,33.57,25.71,81.88,-0.53,0.48,0
155.6,33.16,25.46,82.01,-0.45,0.48,0
155.7,33.16,25.46,82.13,-0.41,0.49,0
155.8,33.16,25.71,82.13,-0.43,0.48,0
155.9,33.57,25.71,82.26,-0.51,0.48,0
155.9,33.16,25.46,82.26,-0.56,0.48,0
156.0,33.16,25.46,82.38,-0.55,0.48,0
156.1,33.16,25.71,82.38,-0.57,0.49,0
156.2,33.36,25.46,82.51,-0.61,0.48,0
156.3,33.57,25.46,82.51,-0.63,0.48,0
156.4,32.95,25.71,82.64,-0.56,0.48,0
156.5,33.36,25.46,82.76,-0.58,0.48,0
156.6,33.36,25.46,82.64,-0.60,0.48,0
156.7,33.36,25.96,82.89,-0.64,0.48,0
156.8,33.36,25.20,82.89,-0.68,0.49,0
156.9,33.16,25.46,83.01,-0.61,0.48,0
157.0,33.57,25.46,83.01,-0.52,0.48,0
157.0,33.77,25.96,83.39,-0.46,0.49,0
157.1,33.57,25.71,83.14,-0.52,0.48,0
157.2,33.57,25.71,83.01,-0.58,0.49,0
157.3,33.57,25.71,83.26,-0.59,0.48,0
157.4,33.77,25.46,82.51,-0.61,0.49,0
157.5,33.57,25.46,83.26,-0.48,0.48,0
157.6,33.57,25.46,83.52,-0.56,0.49,0
157.7,33.57,25.71,83.77,-0.61,0.48,0
157.8,33.77,25.46,83.52,-0.53,0.48,0
157.9,33.97,25.46,83.52,-0.57,0.48,0
158.0,33.77,25.46,83.64,-0.64,0.48,0
158.1,33.77,25.71,83.77,-0.62,0.48,0
158.1,33.77,25.20,83.77,-0.54,0.48,0
158.2,33.77,25.71,83.77,-0.60,0.48,0
158.3,33.77,25.20,83.90,-0.49,0.48,0
158.4,33.77,25.46,83.90,-0.44,0.48,0
158.5,33.97,26.20,84.02,-0.48,0.48,0
158.6,33.77,25.46,84.02,-0.53,0.48,0
158.7,33.97,25.71,84.78,-0.58,0.48,0
158.8,33.77,25.20,84.15,-0.60,0.49,0
158.9,34.57,25.46,84.27,-0.61,0.48,0
159.0,33.97,25.20,84.27,-0.60,0.49,0
159.1,34.17,25.46,84.40,-0.63,0.49,0
159.2,34.17,26.45,84.53,-0.63,0.48,0
159.2,33.97,25.46,84.53,-0.59,0.48,0
159.3,33.97,25.96,84.65,-0.59,0.48,0
159.4,33.97,25.46,84.65,-0.61,0.48,0
159.5,33.97,25.71,84.65,-0.62,0.48,0
159.6,34.17,25.71,84.78,-0.61,0.48,0
159.7,34.77,25.71,85.04,-0.63,0.48,0
159.8,33.77,25.46,84.91,-0.63,0.48,0
159.9,34.37,25.96,84.91,-0.63,0.48,0
160.0,33.77,25.46,85.04,-0.60,0.48,0
160.1,34.17,25.71,85.04,-0.61,0.48,0
160.2,34.17,25.46,85.16,-0.62,0.48,0
160.3,34.17,25.96,85.29,-0.61,0.48,0
160.4,34.37,25.46,85.29,-0.61,0.48,0
160.4,34.57,25.46,85.42,-0.61,0.48,0
160.5,34.17,25.96,84.78,-0.61,0.49,0
160.6,34.37,25.46,85.42,-0.62,0.48,0
160.7,34.37,25.71,85.54,-0.64,0.48,0
160.8,34.37,25.46,85.67,-0.67,0.48,0
160.9,34.37,25.46,85.04,-0.68,0.48,0
161.0,34.57,25.46,85.80,-0.68,0.48,0
161.1,34.37,25.71,85.80,-0.75,0.48,0
161.2,34.57,25.71,85.80,-0.77,0.48,0
161.3,34.37,25.71,85.93,-0.77,0.49,0
161.4,34.37,25.71,85.93,-0.77,0.48,0
161.5,33.97,25.46,86.05,-0.75,0.48,0
161.5,34.37,25.46,86.18,-0.73,0.48,0
161.6,34.17,25.71,86.31,-0.72,0.48,0
161.7,34.57,25.46,86.31,-0.68,0.49,0
161.8,34.77,25.71,86.05,-0.70,0.49,0
161.9,34.37,25.20,87.08,-0.72,0.49,0
162.0,34.37,25.71,86.44,-0.63,0.49,0
162.1,34.77,25.46,85.67,-0.51,0.48,0
162.2,34.57,25.96,86.57,-0.50,0.48,0
162.3,34.57,25.71,86.69,-0.53,0.48,0
162.4,34.57,25.46,86.69,-0.51,0.49,0
162.5,34.57,25.20,86.82,-0.48,0.48,0
162.6,34.77,25.46,86.82,-0.50,0.48,0
162.6,34.77,25.46,86.82,-0.52,0.48,0
162.7,34.77,25.71,86.95,-0.58,0.48,0
162.8,34.77,25.46,87.08,-0.61,0.48,0
162.9,34.57,25.71,86.95,-0.65,0.48,0
163.0,34.57,25.46,87.21,-0.65,0.48,0
163.1,34.57,25.46,87.34,-0.57,0.48,0
163.2,34.77,25.71,87.34,-0.52,0.48,0
163.3,34.57,25.71,87.47,-0.46,0.48,0
163.4,34.77,25.71,87.47,-0.54,0.48,0
163.5,34.97,25.46,87.59,-0.61,0.48,0
163.6,34.77,25.46,87.72,-0.63,0.48,0
163.7,34.77,25.71,87.59,-0.60,0.48,0
163.7,34.77,25.71,87.59,-0.65,0.48,0
163.8,34.77,25.71,87.98,-0.67,0.48,0
163.9,34.97,25.71,87.98,-0.76,0.48,0
164.0,34.97,25.71,87.98,-0.81,0.48,0
164.1,34.97,25.46,88.11,-0.83,0.48,0
164.2,34.97,25.71,88.24,-0.85,0.48,0
164.3,34.97,25.71,88.24,-0.83,0.48,0
164.4,34.97,25.46,88.37,-0.80,0.48,0
164.5,35.16,25.71,88.50,-0.78,0.48,0
164.6,35.16,25.46,88.50,-0.73,0.48,0
164.7,34.97,25.71,88.50,-0.58,0.48,0
164.8,35.16,25.96,88.76,-0.55,0.48,0
164.9,34.97,25.46,88.76,-0.49,0.48,0
165.0,35.16,25.46,88.76,-0.49,0.49,0
165.0,34.97,25.71,88.89,-0.54,0.49,0
165.1,35.16,25.20,88.89,-0.54,0.48,0
165.2,34.77,25.71,89.02,-0.48,0.48,0
165.3,35.16,25.46,89.02,-0.44,0.48,0
165.4,35.36,25.71,89.02,-0.45,0.48,0
165.5,35.16,25.71,89.15,-0.47,0.48,0
165.6,35.36,25.71,89.28,-0.49,0.48,0
165.7,35.36,25.71,89.28,-0.46,0.48,0
165.8,35.36,25.96,89.41,-0.46,0.48,0
165.9,35.36,25.71,89.41,-0.45,0.48,0
165.9,35.75,25.71,89.41,-0.43,0.48,0
166.0,35.36,25.20,89.41,-0.48,0.48,0
166.1,35.36,25.71,89.54,-0.50,0.48,0
166.2,35.16,25.96,89.67,-0.51,0.48,0
166.3,35.36,26.20,89.67,-0.52,0.48,0
166.4,35.55,25.71,89.67,-0.51,0.48,0
166.5,35.55,25.71,90.46,-0.54,0.48,0
166.6,35.36,25.71,90.33,-0.59,0.48,0
166.7,35.55,25.71,89.80,-0.60,0.48,0
166.8,35.55,25.71,89.93,-0.54,0.48,0
166.9,35.36,25.46,89.93,-0.63,0.48,0
167.0,35.94,25.71,90.06,-0.65,0.48,0
167.1,35.55,25.46,89.93,-0.65,0.48,0
167.1,35.55,25.71,90.19,-0.60,0.48,0
167.2,35.55,25.46,90.06,-0.46,0.48,0
167.3,35.75,25.46,90.06,-0.55,0.48,0
167.4,35.36,25.71,90.19,-0.67,0.48,0
167.5,35.55,25.46,90.19,-0.77,0.48,0
167.6,35.75,25.20,90.33,-0.84,0.48,0
167.7,35.75,25.71,90.33,-0.83,0.48,0
167.8,36.13,25.46,91.12,-0.63,0.48,0
167.9,35.94,25.71,90.33,-0.53,0.48,0
168.0,35.94,25.46,90.46,-0.63,0.48,0
168.1,35.94,25.46,90.46,-0.58,0.48,0
168.1,36.13,25.71,90.46,-0.56,0.48,0
168.2,35.94,25.71,90.59,-0.52,0.48,0
168.3,35.94,25.71,90.59,-0.40,0.48,0
168.4,35.94,25.71,90.72,-0.43,0.48,0
168.5,36.13,25.20,90.72,-0.62,0.48,0
168.6,36.13,25.20,90.59,-0.76,0.48,0
168.7,36.13,25.71,90.46,-0.63,0.48,0
168.8,36.13,25.71,90.85,-0.53,0.48,0
168.9,36.13,25.71,90.85,-0.63,0.48,0
169.0,36.13,25.71,90.85,-0.69,0.48,0
169.1,36.13,25.71,90.85,-0.62,0.48,0
169.2,36.13,25.96,90.85,-0.56,0.48,0
169.3,36.51,25.46,90.85,-0.66,0.48,0
169.3,36.51,25.71,91.12,-0.61,0.48,0
169.4,35.94,25.71,90.98,-0.62,0.48,0
169.5,36.32,25.96,91.12,-0.65,0.48,0
169.6,36.32,25.71,91.12,-0.57,0.48,0
169.7,36.32,25.46,90.72,-0.59,0.48,0
169.8,35.94,25.46,91.12,-0.72,0.48,0
169.9,36.70,25.46,91.12,-0.73,0.48,0
170.0,36.13,25.46,91.12,-0.73,0.48,0
170.1,36.70,25.71,90.98,-0.78,0.48,0
170.2,36.32,25.96,91.38,-0.77,0.48,0
170.3,36.70,25.71,91.38,-0.73,0.48,0
170.4,36.70,25.46,90.59,-0.75,0.48,0
170.4,36.51,25.46,91.38,-0.80,0.48,0
170.5,36.51,25.71,91.38,-0.81,0.48,0
170.6,37.08,25.71,91.51,-0.69,0.48,0
170.7,36.51,25.71,91.64,-0.73,0.48,0
170.8,36.51,25.71,91.51,-0.81,0.48,0
170.9,36.70,25.46,91.51,-0.89,0.48,0
171.0,36.70,25.71,91.64,-0.74,0.48,0
171.1,36.70,25.46,91.64,-0.42,0.48,0
171.2,36.70,25.46,91.64,-0.41,0.48,0
171.3,36.89,25.71,91.64,-0.44,0.48,0
171.4,37.08,25.71,91.78,-0.44,0.48,0
171.5,36.70,25.46,91.78,-0.46,0.48,0
171.5,36.89,25.46,91.78,-0.44,0.48,0
171.6,37.26,25.46,92.18,-0.48,0.48,0
171.7,36.89,25.46,91.78,-0.51,0.48,0
171.8,36.70,25.71,91.64,-0.51,0.48,0
171.9,36.89,25.71,91.78,-0.51,0.48,0
172.0,36.89,25.96,91.78,-0.52,0.48,0
172.1,36.89,25.71,91.91,-0.55,0.48,0
172.2,37.26,25.46,91.64,-0.57,0.48,0
172.3,37.45,25.71,91.91,-0.58,0.48,0
172.4,36.70,25.20,91.91,-0.54,0.48,0
172.5,36.89,25.71,91.91,-0.52,0.48,0
172.6,37.26,25.71,91.91,-0.51,0.48,0
172.6,37.08,25.20,91.91,-0.57,0.48,0
172.7,37.08,25.71,92.04,-0.67,0.48,0
172.8,36.89,25.71,92.04,-0.72,0.48,0
172.9,37.08,25.71,92.04,-0.69,0.48,0
173.0,37.26,25.71,92.04,-0.67,0.48,0
173.1,37.26,25.71,92.04,-0.66,0.48,0
173.2,36.70,25.71,92.31,-0.65,0.48,0
173.3,37.08,25.71,92.98,-0.68,0.48,0
173.4,37.26,25.71,92.18,-0.69,0.48,0
173.5,37.26,25.71,92.18,-0.68,0.48,0
173.6,37.26,25.96,92.18,-0.69,0.48,0
173.7,37.26,25.71,92.18,-0.69,0.48,0
173.8,37.26,25.71,92.18,-0.66,0.48,0
173.8,36.89,25.71,92.18,-0.67,0.48,0
173.9,37.45,25.71,92.31,-0.70,0.48,0
174.0,37.26,25.71,92.31,-0.70,0.48,0
174.1,37.45,25.71,92.31,-0.70,0.48,0
174.2,37.63,25.46,92.31,-0.72,0.48,0
174.3,37.45,25.96,92.31,-0.72,0.48,0
174.4,37.45,25.71,92.44,-0.75,0.48,0
174.5,37.45,25.20,92.31,-0.73,0.48,0
174.6,37.45,25.71,92.31,-0.73,0.48,0
174.7,37.26,25.71,92.44,-0.73,0.48,0
174.8,37.26,26.20,92.58,-0.74,0.48,0
174.9,37.45,25.71,92.31,-0.68,0.48,0
174.9,37.45,25.71,92.44,-0.61,0.48,0
175.0,37.45,25.71,92.58,-0.61,0.48,0
175.1,37.63,25.46,93.25,-0.66,0.48,0
175.2,37.63,25.20,92.58,-0.72,0.48,0
175.3,38.00,25.46,92.98,-0.71,0.48,0
175.4,37.82,26.20,92.58,-0.62,0.48,0
175.5,37.63,25.71,92.71,-0.57,0.48,0
175.6,37.45,25.71,92.71,-0.62,0.48,0
175.7,37.63,25.71,92.84,-0.63,0.47,0
175.8,37.63,25.46,92.84,-0.50,0.48,0
175.9,37.82,25.46,92.84,-0.57,0.48,0
176.0,37.63,25.71,92.98,-0.69,0.48,0
176.0,37.82,25.46,92.98,-0.75,0.48,0
176.1,37.82,25.20,92.98,-0.82,0.48,0
176.2,37.82,25.20,92.84,-0.82,0.48,0
176.3,37.63,25.46,92.98,-0.72,0.47,0
176.4,37.82,25.71,92.98,-0.73,0.48,0
176.5,37.82,25.71,92.98,-0.58,0.48,0
176.6,38.00,25.96,93.11,-0.58,0.48,0
176.7,37.82,25.71,92.98,-0.63,0.48,0
176.8,37.82,25.71,92.71,-0.62,0.48,0
176.9,37.82,25.46,93.11,-0.66,0.48,0
177.0,38.00,25.71,93.11,-0.69,0.48,0
177.1,38.00,25.71,93.79,-0.71,0.48,0
177.1,38.00,25.71,93.11,-0.73,0.48,0
177.2,38.00,25.46,93.11,-0.74,0.47,0
177.3,38.00,25.46,93.11,-0.74,0.48,0
177.4,38.00,25.46,93.25,-0.77,0.47,0
177.5,38.00,25.46,93.25,-0.68,0.48,0
177.6,38.00,25.71,93.25,-0.70,0.48,0
177.7,38.00,25.20,93.38,-0.80,0.48,0
177.8,38.00,25.46,93.25,-0.84,0.48,0
177.9,38.00,25.46,93.38,-0.93,0.48,0
178.0,38.00,25.96,93.38,-1.04,0.48,0
178.1,38.19,25.46,93.52,-1.03,0.48,0
178.2,38.00,25.46,93.52,-0.98,0.48,0
178.2,38.19,25.71,93.52,-0.70,0.48,0
178.3,38.19,25.46,93.65,-0.51,0.48,0
178.4,38.37,25.46,93.65,-0.59,0.48,0
178.5,38.37,25.46,93.65,-0.64,0.48,0
178.6,38.19,25.96,94.19,-0.71,0.48,0
178.7,38.37,25.46,93.79,-0.80,0.48,0
178.8,38.19,25.71,93.79,-0.84,0.48,0
178.9,38.37,25.71,93.92,-0.89,0.48,0
179.0,38.37,25.71,93.79,-0.94,0.48,0
179.1,38.37,25.46,93.79,-0.94,0.48,0
179.2,38.37,25.46,93.92,-0.76,0.48,0
179.3,38.37,25.71,94.06,-0.62,0.48,0
179.3,38.73,25.46,94.06,-0.68,0.48,0
179.4,38.37,25.96,93.65,-0.74,0.48,0
179.5,38.37,25.46,93.92,-0.80,0.48,0
179.6,38.55,25.46,94.06,-0.84,0.48,0
179.7,38.37,25.46,94.06,-0.87,0.48,0
179.8,38.37,25.71,94.19,-0.88,0.48,0
179.9,38.55,25.71,94.19,-0.89,0.48,0
180.0,38.55,25.46,94.06,-0.85,0.48,0
180.1,38.73,25.71,94.19,-0.62,0.48,0
180.2,38.55,25.71,94.19,-0.64,0.48,0
180.3,38.73,25.71,94.19,-0.84,0.48,0
180.4,38.55,25.71,94.19,-0.96,0.47,0
180.4,38.55,25.71,94.19,-0.96,0.48,0
180.5,38.55,25.71,94.19,-0.96,0.48,0
180.6,38.55,25.46,94.19,-0.95,0.48,0
180.7,38.73,25.71,94.19,-0.76,0.48,0
180.8,38.73,25.71,94.19,-0.42,0.47,0
180.9,38.73,25.46,94.19,-0.49,0.48,0
181.0,38.91,25.46,94.33,-0.72,0.47,0
181.1,38.73,25.71,94.33,-0.66,0.47,0
181.2,38.73,25.71,94.33,-0.49,0.48,0
181.3,38.73,25.46,94.33,-0.50,0.48,0
181.4,39.27,25.46,94.33,-0.55,0.47,0
181.5,38.91,25.46,94.33,-0.61,0.48,0
181.6,38.73,25.46,94.33,-0.64,0.48,0
181.6,38.91,25.46,94.46,-0.67,0.48,0
181.7,39.09,25.71,93.79,-0.77,0.48,0
181.8,38.73,25.46,94.46,-0.81,0.48,0
181.9,38.91,25.46,94.60,-0.88,0.47,0
182.0,38.91,25.46,94.74,-0.90,0.48,0
182.1,38.91,25.71,94.60,-0.80,0.48,0
182.2,38.91,25.46,94.60,-0.61,0.48,0
182.3,38.91,25.46,93.92,-0.56,0.48,0
182.4,39.09,25.46,93.92,-0.56,0.48,0
182.5,39.27,25.46,94.33,-0.52,0.48,0
182.6,39.09,25.46,94.60,-0.54,0.48,0
182.6,39.09,25.46,94.60,-0.60,0.48,0
182.7,39.09,25.46,93.79,-0.60,0.47,0
182.8,39.27,25.71,94.60,-0.58,0.48,0
182.9,38.91,25.46,94.60,-0.62,0.48,0
183.0,39.09,25.46,94.60,-0.65,0.48,0
183.1,38.91,25.46,94.74,-0.56,0.48,0
183.2,39.27,25.46,94.87,-0.54,0.48,0
183.3,38.91,25.71,94.87,-0.58,0.48,0
183.4,38.91,25.20,94.74,-0.60,0.48,0
183.5,39.09,25.46,94.87,-0.60,0.47,0
183.6,39.27,25.20,94.74,-0.61,0.48,0
183.7,39.27,25.46,94.87,-0.61,0.48,0
183.8,39.27,25.71,95.01,-0.61,0.48,0
183.8,39.27,25.46,94.87,-0.66,0.47,0
183.9,39.27,25.46,94.87,-0.68,0.48,0
184.0,39.80,25.96,95.28,-0.77,0.48,0
184.1,39.09,25.46,95.01,-0.73,0.47,0
184.2,39.45,25.71,95.14,-0.60,0.48,0
184.3,39.45,25.46,94.87,-0.68,0.48,0
184.4,39.09,25.20,95.14,-0.74,0.47,0
184.5,39.45,25.46,95.14,-0.76,0.48,0
184.6,39.63,25.46,95.28,-0.79,0.48,0
184.7,39.45,25.46,95.28,-0.79,0.47,0
184.8,39.45,25.46,95.42,-0.78,0.48,0
184.9,39.63,25.46,95.42,-0.80,0.47,0
184.9,39.45,25.20,95.42,-0.78,0.48,0
185.0,39.45,25.46,95.42,-0.70,0.47,0
185.1,39.63,25.46,95.56,-0.74,0.48,0
185.2,39.80,25.71,95.69,-0.84,0.48,0
185.3,39.45,25.46,96.24,-0.79,0.48,0
185.4,39.63,25.46,95.69,-0.63,0.47,0
185.5,39.63,25.71,95.69,-0.61,0.48,0
185.6,39.45,25.96,95.69,-0.60,0.48,0
185.7,39.63,25.71,95.69,-0.57,0.48,0
185.8,39.45,25.20,95.83,-0.53,0.48,0
185.9,39.63,25.46,95.83,-0.52,0.48,0
186.0,39.80,25.71,96.80,-0.53,0.48,0
186.0,39.80,25.46,95.83,-0.55,0.48,0
186.1,39.80,25.46,95.97,-0.58,0.47,0
186.2,39.80,25.46,95.97,-0.60,0.48,0
186.3,39.80,25.46,95.97,-0.60,0.48,0
186.4,39.80,25.46,95.97,-0.59,0.48,0
186.5,39.80,25.46,96.11,-0.60,0.48,0
186.6,39.80,25.46,95.56,-0.60,0.47,0
186.7,39.98,25.46,96.24,-0.61,0.48,0
186.8,39.98,25.46,96.24,-0.63,0.47,0
186.9,39.98,25.46,96.24,-0.69,0.47,0
187.0,39.98,25.46,96.24,-0.71,0.48,0
187.1,40.15,25.71,96.38,-0.76,0.48,0
187.1,39.98,25.46,96.11,-0.78,0.48,0
187.2,39.98,25.71,96.38,-0.77,0.47,0
187.3,39.80,25.46,96.52,-0.76,0.48,0
187.4,39.98,25.20,96.38,-0.74,0.48,0
187.5,40.15,25.46,97.08,-0.72,0.48,0
187.6,39.98,25.46,96.24,-0.69,0.48,0
187.7,40.15,25.46,96.38,-0.70,0.47,0
187.8,40.15,25.46,96.52,-0.77,0.48,0
187.9,39.98,25.46,96.52,-0.76,0.48,0
188.0,40.15,25.46,96.52,-0.73,0.48,0
188.1,40.15,25.46,96.52,-0.75,0.48,0
188.2,40.15,25.46,96.52,-0.75,0.47,0
188.2,40.50,25.46,96.66,-0.75,0.48,0
188.3,40.15,25.46,96.66,-0.75,0.48,0
188.4,40.33,25.71,97.50,-0.74,0.48,0
188.5,40.33,25.46,96.66,-0.70,0.48,0
188.6,39.98,25.46,96.66,-0.65,0.48,0
188.7,40.15,25.71,96.80,-0.64,0.48,0
188.8,40.15,25.46,96.66,-0.65,0.47,0
188.9,39.80,24.95,96.80,-0.67,0.48,0
189.0,40.33,25.20,96.80,-0.69,0.47,0
189.1,40.33,25.46,96.80,-0.69,0.47,0
189.2,39.80,24.95,96.80,-0.69,0.47,0
189.3,40.33,25.46,96.66,-0.70,0.47,0
189.4,40.33,25.20,96.66,-0.73,0.48,0
189.4,40.33,25.46,96.52,-0.73,0.47,0
189.5,40.50,25.46,96.66,-0.73,0.48,0
189.6,40.50,25.46,96.66,-0.73,0.47,0
189.7,40.50,25.71,96.66,-0.73,0.47,0
189.8,40.50,25.20,96.66,-0.75,0.48,0
189.9,40.68,25.46,96.66,-0.79,0.47,0
190.0,40.50,25.46,96.66,-0.83,0.47,0
190.1,40.50,25.46,96.52,-0.84,0.47,0
190.2,40.50,25.46,96.66,-0.84,0.48,0
190.3,40.50,25.46,96.66,-0.84,0.48,0
190.4,40.50,24.95,96.66,-0.78,0.47,0
190.5,40.68,25.46,96.52,-0.73,0.48,0
190.5,40.68,25.46,96.66,-0.73,0.47,0
190.6,40.68,25.20,96.94,-0.73,0.48,0
190.7,40.68,25.71,96.66,-0.77,0.48,0
190.8,40.85,25.46,96.24,-0.80,0.47,0
190.9,40.85,25.20,96.52,-0.79,0.48,0
191.0,40.68,25.46,96.66,-0.77,0.47,0
191.1,40.68,25.20,96.80,-0.79,0.47,0
191.2,40.68,25.46,96.80,-0.81,0.47,0
191.3,40.68,25.96,96.80,-0.80,0.47,0
191.4,40.85,25.46,96.66,-0.76,0.48,0
191.5,40.85,25.46,96.80,-0.79,0.48,0
191.6,40.68,25.46,96.52,-0.78,0.48,0
191.6,40.68,25.46,96.66,-0.67,0.48,0
191.7,40.85,25.71,96.66,-0.49,0.47,0
191.8,40.85,25.46,97.36,-0.41,0.48,0
191.9,41.37,25.46,96.66,-0.47,0.47,0
192.0,41.02,25.71,96.52,-0.56,0.47,0
192.1,41.02,25.20,96.52,-0.61,0.48,0
192.2,40.85,25.46,96.38,-0.64,0.47,0
192.3,41.02,25.96,97.08,-0.69,0.48,0
192.4,40.68,25.46,96.38,-0.76,0.47,0
192.5,41.02,25.46,96.24,-0.86,0.48,0
192.6,41.02,25.96,96.38,-0.88,0.48,0
192.7,41.02,25.46,96.11,-0.88,0.48,0
192.7,41.02,25.46,95.97,-0.89,0.47,0
192.8,41.02,25.46,95.83,-0.88,0.47,0
192.9,41.02,25.46,95.69,-0.83,0.48,0
193.0,41.20,25.71,95.42,-0.67,0.47,0
193.1,41.20,24.95,95.14,-0.59,0.47,0
193.2,41.20,25.20,94.87,-0.69,0.47,0
193.3,41.20,25.46,94.60,-0.77,0.47,0
193.4,41.20,25.71,94.19,-0.66,0.48,0
193.5,41.20,25.46,93.79,-0.65,0.47,0
193.6,41.02,25.46,93.52,-0.80,0.48,0
193.7,41.20,25.46,93.25,-0.87,0.47,0
193.8,41.37,25.46,92.58,-0.72,0.47,0
193.8,41.20,25.20,92.04,-0.63,0.48,0
193.9,41.37,25.46,91.64,-0.74,0.47,0
194.0,41.02,25.46,90.33,-0.59,0.48,0
194.1,41.20,25.46,90.59,-0.54,0.48,0
194.2,41.02,25.20,90.85,-0.62,0.48,0
194.3,41.37,25.46,89.54,-0.70,0.48,0
194.4,41.37,25.46,89.15,-0.70,0.47,0
194.5,41.54,24.95,88.37,-0.71,0.47,0
194.6,41.37,25.46,87.72,-0.72,0.47,0
194.7,41.71,25.71,87.47,-0.68,0.48,0
194.8,41.37,25.46,86.82,-0.73,0.48,0
194.9,41.20,25.71,86.69,-0.66,0.48,0
194.9,41.37,25.46,85.54,-0.55,0.48,0
195.0,41.54,25.46,84.91,-0.70,0.47,0
195.1,41.54,25.46,85.04,-0.81,0.48,0
195.2,41.71,25.71,83.77,-0.82,0.48,0
195.3,41.54,25.46,83.14,-0.74,0.47,0
195.4,41.54,24.95,82.51,-0.67,0.47,0
195.5,41.54,25.46,82.01,-0.68,0.48,0
195.6,41.54,25.46,81.51,-0.74,0.48,0
195.7,41.54,25.71,81.38,-0.83,0.47,0
195.8,41.71,25.46,79.88,-0.68,0.48,0
195.9,41.54,25.46,79.51,-0.59,0.47,0
196.0,41.71,25.20,78.89,-0.65,0.47,0
196.0,41.54,25.46,78.27,-0.67,0.47,0
196.1,42.05,25.46,77.65,-0.71,0.47,0
196.2,41.71,25.46,76.90,-0.82,0.48,0
196.3,41.54,25.46,76.53,-0.95,0.47,0
196.4,41.71,25.46,75.91,-1.01,0.47,0
196.5,41.71,25.46,75.30,-0.81,0.48,0
196.6,41.71,25.71,74.80,-0.50,0.47,0
196.7,41.88,25.46,74.18,-0.43,0.48,0
196.8,41.88,25.71,73.69,-0.46,0.47,0
196.9,42.22,25.46,73.19,-0.44,0.48,0
197.0,41.88,25.46,72.57,-0.44,0.47,0
197.1,41.88,25.46,72.32,-0.51,0.47,0
197.2,41.88,25.46,71.46,-0.56,0.48,0
197.2,41.88,25.71,70.96,-0.57,0.47,0
197.3,41.71,25.71,70.21,-0.58,0.48,0
197.4,42.05,25.46,69.72,-0.63,0.47,0
197.5,41.54,25.71,69.22,-0.68,0.47,0
197.6,42.05,25.71,68.72,-0.69,0.48,0
197.7,41.88,25.20,68.22,-0.69,0.47,0
197.8,41.88,25.46,67.72,-0.73,0.48,0
197.9,41.88,25.71,67.09,-0.78,0.47,0
198.0,41.88,25.71,66.71,-0.82,0.47,0
198.1,42.22,25.46,66.21,-0.79,0.48,0
198.2,42.05,25.46,65.83,-0.79,0.47,0
198.3,42.05,25.71,65.32,-0.80,0.48,0
198.3,41.71,25.71,64.81,-0.82,0.47,0
198.4,42.05,25.46,64.30,-0.85,0.48,0
198.5,42.22,25.71,63.41,-0.88,0.47,0
198.6,42.05,25.71,64.43,-0.90,0.47,0
198.7,42.05,25.71,63.15,-0.88,0.48,0
198.8,42.22,25.71,62.76,-0.82,0.47,0
198.9,42.22,25.71,62.25,-0.68,0.47,0
199.0,42.22,25.71,61.86,-0.62,0.47,0
199.1,42.22,25.71,61.47,-0.65,0.47,0
199.2,42.22,25.71,61.08,-0.70,0.48,0
199.3,42.22,25.46,60.56,-0.77,0.47,0
199.4,42.22,25.46,60.16,-0.78,0.48,0
199.5,42.55,25.20,60.03,-0.78,0.47,0
199.5,42.38,25.71,59.50,-0.79,0.47,0
199.6,42.38,25.20,59.37,-0.77,0.48,0
199.7,42.38,25.71,58.84,-0.70,0.47,0
199.8,42.38,25.46,58.58,-0.67,0.47,0
199.9,42.22,25.71,58.31,-0.68,0.47,0
200.0,42.38,25.46,57.91,-0.75,0.48,0
200.1,42.38,25.46,57.64,-0.81,0.48,0
200.2,42.38,25.46,57.23,-0.89,0.47,0
200.3,42.38,25.46,56.96,-0.92,0.47,0
200.4,42.38,25.46,56.56,-0.86,0.47,0
200.5,42.38,25.46,56.28,-0.78,0.48,0
200.5,42.05,25.46,55.74,-0.75,0.47,0
200.6,42.55,25.71,55.60,-0.81,0.47,0
200.7,42.38,25.46,55.33,-0.85,0.48,0
200.8,42.22,25.71,55.05,-0.88,0.47,0
200.9,42.38,25.46,54.77,-0.85,0.47,0
201.0,42.55,25.96,55.33,-0.59,0.47,0
201.1,42.72,25.46,54.08,-0.51,0.48,0
201.2,42.55,25.46,53.09,-0.54,0.47,0
201.3,42.55,25.46,53.66,-0.57,0.47,0
201.4,42.38,25.71,53.23,-0.59,0.48,0
201.5,42.55,25.46,52.95,-0.62,0.47,0
201.6,42.88,25.71,52.81,-0.66,0.47,0
201.7,42.55,25.71,52.52,-0.70,0.47,0
201.7,42.55,25.46,52.38,-0.74,0.47,0
201.8,42.72,25.71,51.95,-0.75,0.48,0
201.9,42.38,25.71,51.81,-0.76,0.47,0
202.0,42.55,25.96,51.52,-0.79,0.48,0
202.1,42.72,25.71,51.52,-0.79,0.48,0
202.2,42.72,25.96,51.09,-0.76,0.47,0
202.3,42.72,25.71,50.79,-0.79,0.47,0
202.4,42.72,25.71,50.65,-0.83,0.47,0
202.5,42.55,25.71,48.57,-0.83,0.47,0
202.6,42.72,25.96,50.21,-0.85,0.47,0
202.7,42.72,25.46,49.91,-0.87,0.47,0
202.8,42.88,25.46,49.77,-0.88,0.47,0
202.8,42.88,25.71,49.32,-0.88,0.47,0
202.9,42.72,25.71,49.32,-0.88,0.48,0
203.0,42.88,25.71,49.17,-0.86,0.47,0
203.1,42.88,25.46,48.87,-0.82,0.47,0
203.2,42.88,25.46,48.72,-0.82,0.47,0
203.3,42.88,25.71,48.72,-0.84,0.48,0
203.4,42.88,25.71,47.96,-0.85,0.47,0
203.5,42.55,25.20,48.12,-0.84,0.47,0
203.6,42.55,25.46,47.81,-0.83,0.47,0
203.7,42.88,25.46,47.81,-0.84,0.47,0
203.8,43.05,25.71,46.73,-0.88,0.48,0
203.9,43.05,25.71,46.11,-0.92,0.47,0
203.9,43.05,25.71,47.35,-0.81,0.47,0
204.0,42.72,25.20,47.20,-0.62,0.48,0
204.1,43.05,25.71,47.04,-0.75,0.47,0
204.2,43.05,26.20,46.89,-0.87,0.48,0
204.3,43.05,25.46,47.81,-0.94,0.47,0
204.4,43.05,25.46,45.95,-0.98,0.47,0
204.5,43.05,25.46,45.64,-1.00,0.47,0
204.6,43.22,25.71,46.27,-0.98,0.47,0
204.7,43.22,25.71,46.11,-0.75,0.47,0
204.8,43.38,25.71,45.64,-0.49,0.47,0
204.9,42.88,25.71,45.80,-0.53,0.47,0
205.0,43.22,25.46,45.64,-0.67,0.48,0
205.0,43.54,25.71,44.68,-0.71,0.47,0
205.1,43.22,25.71,45.32,-0.75,0.48,0
205.2,43.54,25.96,45.16,-0.83,0.47,0
205.3,43.22,25.71,45.32,-0.72,0.47,0
205.4,43.22,25.71,44.84,-0.78,0.47,0
205.5,43.38,25.71,44.36,-0.91,0.47,0
205.6,43.05,25.71,44.68,-0.95,0.47,0
205.7,43.38,25.46,44.68,-0.95,0.47,0
205.8,43.38,25.96,44.68,-0.80,0.48,0
205.9,43.38,25.71,44.36,-0.53,0.47,0
206.0,43.38,25.71,44.36,-0.78,0.47,0
206.1,43.38,25.71,44.36,-0.90,0.48,0
206.1,43.38,25.71,43.22,-0.88,0.47,0
206.2,43.38,25.71,44.03,-0.92,0.47,0
206.3,43.71,25.96,43.87,-0.92,0.47,0
206.4,43.38,25.46,43.71,-0.88,0.47,0
206.5,43.38,25.46,43.71,-0.79,0.48,0
206.6,43.54,25.46,43.71,-0.77,0.48,0
206.7,43.38,25.46,43.71,-0.89,0.48,0
206.8,43.38,25.71,43.38,-0.94,0.48,0
206.9,43.22,25.46,43.54,-0.95,0.48,0
207.0,43.54,25.71,43.38,-0.95,0.48,0
207.1,43.54,25.71,42.72,-0.94,0.47,0
207.2,43.54,25.71,43.38,-0.94,0.48,0
207.2,43.54,25.96,43.05,-0.94,0.47,0
207.3,43.54,25.96,43.05,-0.94,0.47,0
207.4,43.71,25.96,42.88,-0.94,0.47,0
207.5,43.54,25.71,44.03,-0.87,0.47,0
207.6,43.54,25.71,42.72,-0.52,0.48,0
207.7,43.54,25.71,42.55,-0.37,0.47,0
207.8,43.22,25.71,42.38,-0.46,0.48,0
207.9,43.54,25.96,42.38,-0.50,0.47,0
208.0,43.54,25.46,42.22,-0.48,0.47,0
208.1,43.87,25.71,42.05,-0.52,0.47,0
208.2,43.54,25.71,42.22,-0.53,0.47,0
208.3,43.54,25.46,42.05,-0.56,0.47,0
208.3,43.71,25.71,42.88,-0.55,0.47,0
208.4,43.54,25.71,42.05,-0.56,0.47,0
208.5,43.71,25.71,41.88,-0.55,0.47,0
208.6,44.03,25.96,41.71,-0.54,0.47,0
208.7,43.54,25.46,41.37,-0.58,0.47,0
208.8,43.71,26.45,41.71,-0.63,0.47,0
208.9,43.54,25.71,41.54,-0.66,0.48,0
209.0,43.71,25.71,41.37,-0.68,0.47,0
209.1,43.71,25.71,41.37,-0.72,0.48,0
209.2,43.71,25.96,41.54,-0.69,0.47,0
209.3,43.71,25.71,41.20,-0.65,0.47,0
209.4,43.38,25.71,41.20,-0.63,0.48,0
209.5,43.54,25.71,41.02,-0.65,0.48,0
209.5,44.03,25.71,40.50,-0.68,0.48,0
209.6,43.87,25.96,41.02,-0.72,0.47,0
209.7,43.54,25.71,40.85,-0.72,0.47,0
209.8,43.71,25.71,40.85,-0.72,0.48,0
209.9,43.38,25.71,40.68,-0.76,0.47,0
210.0,43.71,25.71,40.50,-0.78,0.48,0
210.1,43.71,26.45,40.68,-0.80,0.47,0
210.2,43.71,25.71,39.98,-0.80,0.47,0
210.3,43.71,25.71,40.50,-0.81,0.48,0
210.4,43.71,25.96,40.33,-0.80,0.47,0
210.5,43.71,25.71,40.15,-0.79,0.47,0
210.6,43.38,25.96,40.33,-0.80,0.48,0
210.6,43.87,25.71,41.02,-0.84,0.48,0
210.7,43.71,25.71,40.15,-0.87,0.47,0
210.8,43.71,25.96,40.33,-0.85,0.47,0
210.9,43.38,25.71,39.80,-0.85,0.48,0
211.0,43.71,25.71,39.98,-0.84,0.47,0
211.1,43.71,25.71,39.98,-0.85,0.47,0
211.2,44.20,25.71,39.80,-0.86,0.47,0
211.3,43.54,25.71,39.80,-0.78,0.47,0
211.4,43.71,25.71,39.80,-0.65,0.48,0
211.5,43.71,25.46,39.45,-0.84,0.47,0
211.6,43.71,25.71,39.63,-0.92,0.47,0
211.7,43.87,25.96,39.45,-0.88,0.47,0
211.7,43.87,25.96,39.63,-0.78,0.47,0
211.8,43.87,25.71,39.63,-0.73,0.47,0
211.9,43.87,25.96,39.45,-0.77,0.47,0
212.0,43.87,25.96,39.27,-0.81,0.47,0
212.1,43.87,25.96,39.27,-0.85,0.47,0
212.2,43.87,25.71,39.27,-0.89,0.47,0
212.3,43.87,25.71,39.09,-0.90,0.47,0
212.4,43.54,25.71,39.09,-0.91,0.47,0
212.5,44.03,26.20,39.98,-0.91,0.47,0
212.6,43.87,25.71,38.91,-0.90,0.47,0
212.7,43.87,25.46,38.91,-0.89,0.48,0
212.8,43.71,25.71,38.91,-0.90,0.47,0
212.8,43.87,26.20,38.73,-0.91,0.47,0
212.9,43.87,25.96,38.55,-0.91,0.48,0
213.0,43.87,25.71,38.37,-0.91,0.47,0
213.1,44.03,25.96,38.37,-0.90,0.47,0
213.2,44.03,25.71,38.37,-0.92,0.47,0
213.3,44.03,25.96,38.37,-0.93,0.47,0
213.4,44.03,25.96,38.19,-0.91,0.47,0
213.5,44.03,25.71,38.19,-0.91,0.47,0
213.6,44.03,25.71,38.19,-0.92,0.47,0
213.7,44.03,26.20,38.19,-0.92,0.47,0
213.8,44.20,25.71,36.70,-0.91,0.47,0
213.9,44.20,25.96,37.82,-0.89,0.48,0
213.9,44.03,25.96,37.82,-0.90,0.47,0
214.0,44.03,25.96,37.63,-0.89,0.47,0
214.1,44.36,26.20,37.45,-0.89,0.47,0
214.2,43.71,25.96,37.08,-0.89,0.48,0
214.3,43.87,26.45,37.45,-0.89,0.47,0
214.4,44.20,26.20,38.37,-0.88,0.47,0
214.5,44.20,26.20,37.26,-0.89,0.47,0
214.6,44.20,26.20,37.26,-0.89,0.47,0
214.7,44.20,25.96,37.08,-0.90,0.47,0
214.8,44.03,25.96,37.08,-0.85,0.47,0
214.9,44.20,25.96,37.08,-0.55,0.47,0
215.0,44.20,25.96,37.63,-0.48,0.47,0
215.0,44.36,26.20,36.89,-0.68,0.47,0
215.1,44.03,25.96,36.89,-0.86,0.48,0
215.2,44.20,26.20,36.89,-0.91,0.47,0
215.3,44.20,26.20,36.70,-0.90,0.47,0
215.4,44.20,25.71,36.51,-0.93,0.47,0
215.5,44.20,25.96,36.51,-0.89,0.47,0
215.6,44.68,26.20,35.36,-0.64,0.48,0
215.7,44.20,26.20,37.26,-0.62,0.47,0
215.8,44.52,25.96,36.32,-0.82,0.47,0
215.9,44.52,26.45,38.00,-0.93,0.47,0
216.0,44.20,26.20,36.32,-0.93,0.47,0
216.1,44.20,26.20,36.13,-0.89,0.47,0
216.2,44.36,26.20,36.13,-0.91,0.47,0
216.2,44.36,26.20,36.13,-0.92,0.47,0
216.3,44.52,26.20,35.55,-0.91,0.47,0
216.4,44.36,26.20,36.13,-0.90,0.47,0
216.5,44.20,26.20,36.13,-0.90,0.47,0
216.6,44.36,26.20,36.32,-0.91,0.47,0
216.7,44.36,26.20,35.75,-0.93,0.48,0
216.8,44.36,25.96,36.32,-0.91,0.47,0
216.9,44.36,25.96,35.55,-0.91,0.47,0
217.0,44.36,26.45,36.13,-0.91,0.47,0
217.1,44.36,26.70,36.13,-0.90,0.47,0
217.2,44.68,26.20,36.13,-0.89,0.48,0
217.3,44.52,26.20,36.13,-0.90,0.47,0
217.3,44.20,26.20,36.13,-0.89,0.47,0
217.4,44.52,26.45,36.13,-0.81,0.47,0
217.5,44.52,26.45,35.94,-0.45,0.47,0
217.6,44.52,26.20,36.13,-0.30,0.47,0
217.7,44.36,26.20,36.13,-0.39,0.47,0
217.8,44.52,26.20,36.13,-0.44,0.47,0
217.9,44.36,26.45,37.08,-0.51,0.47,0
218.0,44.52,26.20,35.94,-0.54,0.47,0
218.1,44.52,26.45,35.36,-0.61,0.47,0
218.2,44.84,26.45,35.94,-0.61,0.47,0
218.3,44.52,26.20,35.94,-0.58,0.48,0
218.4,44.52,26.70,35.94,-0.66,0.47,0
218.4,44.68,26.70,35.94,-0.70,0.48,0
218.5,44.68,26.70,35.94,-0.63,0.47,0
218.6,44.68,26.70,35.75,-0.65,0.47,0
218.7,44.52,26.20,35.75,-0.75,0.47,0
218.8,44.68,26.45,35.94,-0.75,0.48,0
218.9,44.68,26.45,35.94,-0.68,0.47,0
219.0,44.68,26.45,35.55,-0.59,0.47,0
219.1,44.68,26.20,35.75,-0.56,0.48,0
219.2,44.68,26.45,35.55,-0.57,0.47,0
219.3,44.68,26.45,35.75,-0.62,0.47,0
219.4,44.68,26.45,35.55,-0.63,0.48,0
219.5,44.84,26.70,35.36,-0.60,0.47,0
219.5,44.84,26.20,35.36,-0.58,0.47,0
219.6,44.84,26.45,35.16,-0.62,0.47,0
219.7,44.68,26.94,36.51,-0.65,0.47,0
219.8,44.52,26.45,35.36,-0.65,0.47,0
219.9,44.84,26.20,35.16,-0.67,0.47,0
220.0,44.52,26.45,35.16,-0.70,0.47,0
220.1,44.68,26.45,35.36,-0.73,0.47,0
220.2,45.16,26.94,35.16,-0.74,0.47,0
220.3,44.84,26.45,34.97,-0.73,0.47,0
220.4,44.68,26.45,34.97,-0.72,0.47,0
220.5,44.84,26.45,34.97,-0.71,0.48,0
220.6,44.84,26.45,34.97,-0.69,0.47,0
220.6,44.84,26.45,34.97,-0.66,0.47,0
220.7,45.00,26.45,36.51,-0.70,0.47,0
220.8,45.00,26.70,34.77,-0.71,0.47,0
220.9,44.84,26.45,34.77,-0.72,0.48,0
221.0,45.32,26.45,33.77,-0.76,0.47,0
221.1,44.84,26.45,34.57,-0.78,0.48,0
221.2,45.00,26.45,34.77,-0.80,0.47,0
221.3,45.00,26.70,34.77,-0.79,0.47,0
221.4,45.00,26.70,34.77,-0.83,0.48,0
221.5,45.00,26.94,34.97,-0.86,0.47,0
221.6,45.00,26.70,34.77,-0.86,0.47,0
221.7,45.00,26.70,34.57,-0.89,0.47,0
221.8,45.00,26.70,34.77,-0.92,0.47,0
221.8,45.16,26.70,34.97,-0.86,0.48,0
221.9,45.16,26.70,33.77,-0.86,0.47,0
222.0,45.16,26.70,34.77,-0.89,0.47,0
222.1,45.16,26.70,34.57,-0.87,0.47,0
222.2,45.16,26.70,34.17,-0.86,0.47,0
222.3,45.16,26.70,34.97,-0.87,0.47,0
222.4,45.16,26.70,34.57,-0.89,0.47,0
222.5,45.16,26.70,34.77,-0.89,0.48,0
222.6,45.48,26.20,34.37,-0.88,0.47,0
222.7,45.32,26.70,32.54,-0.88,0.47,0
222.8,45.16,26.70,34.37,-0.88,0.47,0
222.9,45.32,26.70,34.17,-0.89,0.47,0
222.9,45.32,26.94,33.97,-0.90,0.47,0
223.0,45.32,26.94,34.97,-0.91,0.47,0
223.1,45.32,26.70,35.75,-0.92,0.47,0
223.2,45.48,26.94,34.37,-0.91,0.47,0
223.3,45.64,26.45,34.57,-0.87,0.47,0
223.4,45.32,26.70,34.57,-0.87,0.47,0
223.5,45.48,26.94,34.97,-0.91,0.47,0
223.6,45.32,26.70,34.57,-0.81,0.47,0
223.7,45.48,26.70,34.57,-0.57,0.47,0
223.8,45.48,27.18,34.37,-0.52,0.47,0
223.9,45.48,26.70,34.77,-0.64,0.47,0
224.0,45.48,26.94,34.37,-0.77,0.47,0
224.0,45.48,26.70,34.37,-0.63,0.47,0
224.1,45.48,26.70,34.37,-0.46,0.47,0
224.2,45.64,26.70,34.37,-0.52,0.47,0
224.3,45.64,26.45,34.37,-0.60,0.47,0
224.4,45.64,26.70,34.37,-0.73,0.47,0
224.5,45.48,26.70,34.37,-0.63,0.48,0
224.6,45.64,26.70,34.17,-0.55,0.47,0
224.7,45.64,26.70,34.17,-0.58,0.47,0
224.8,45.48,26.94,34.37,-0.53,0.47,0
224.9,45.64,26.70,34.17,-0.57,0.47,0
225.0,45.64,26.70,33.97,-0.59,0.47,0
225.1,45.48,26.70,33.16,-0.61,0.47,0
225.1,45.32,26.70,33.97,-0.59,0.47,0
225.2,45.64,26.70,33.97,-0.52,0.47,0
225.3,45.64,26.94,35.16,-0.53,0.47,0
225.4,45.80,26.70,33.77,-0.50,0.47,0
225.5,45.80,26.94,34.37,-0.52,0.47,0
225.6,45.80,26.70,33.16,-0.54,0.47,0
225.7,45.95,26.45,34.97,-0.58,0.47,0
225.8,45.80,26.70,33.36,-0.61,0.47,0
225.9,45.80,26.94,33.57,-0.66,0.47,0
226.0,45.64,27.18,33.36,-0.63,0.47,0
226.1,45.80,26.70,33.16,-0.57,0.47,0
226.2,46.11,26.70,33.16,-0.65,0.47,0
226.3,45.80,26.45,33.36,-0.75,0.47,0
226.4,45.95,26.94,31.70,-0.76,0.47,0
226.5,45.95,26.70,33.16,-0.76,0.47,0
226.6,46.27,26.94,32.75,-0.68,0.47,0
226.6,45.95,26.94,33.16,-0.74,0.47,0
226.7,45.95,26.70,32.75,-0.87,0.47,0
226.8,45.95,26.94,32.12,-0.90,0.47,0
226.9,45.64,26.70,32.95,-0.91,0.47,0
227.0,45.95,26.70,32.54,-0.87,0.47,0
227.1,46.11,26.70,32.75,-0.85,0.47,0
227.2,45.95,26.70,31.91,-0.90,0.47,0
227.3,45.95,26.94,32.33,-1.02,0.47,0
227.3,45.95,26.94,32.33,-1.04,0.47,0
227.4,45.95,26.94,32.33,-1.01,0.47,0
227.5,45.95,26.70,32.12,-0.90,0.47,0
227.6,45.95,26.94,32.54,-0.61,0.47,0
227.7,46.11,26.70,32.12,-0.69,0.47,0
227.8,46.11,26.70,30.62,-0.78,0.47,0
227.9,45.95,26.94,32.12,-0.87,0.47,0
228.0,46.11,26.94,31.91,-0.97,0.47,0
228.1,46.11,26.70,31.70,-1.01,0.47,0
228.2,46.11,26.94,31.70,-0.98,0.47,0
228.3,46.11,26.70,31.48,-0.91,0.47,0
228.4,46.11,26.94,31.48,-0.72,0.47,0
228.5,46.11,26.70,31.27,-0.78,0.47,0
228.5,46.11,26.94,31.48,-0.90,0.47,0
228.6,46.11,26.94,31.27,-0.80,0.47,0
228.7,46.11,26.45,31.27,-0.78,0.47,0
228.8,46.27,26.70,31.05,-0.89,0.47,0
228.9,46.27,26.70,31.05,-0.84,0.47,0
229.0,46.11,26.94,30.62,-0.57,0.47,0
229.1,46.27,26.94,30.84,-0.65,0.47,0
229.2,46.11,26.45,30.84,-0.80,0.47,0
229.3,46.42,26.70,30.62,-0.88,0.47,0
229.4,46.42,26.70,30.18,-0.87,0.47,0
229.5,46.27,26.70,30.40,-0.68,0.47,0
229.5,46.27,26.94,30.62,-0.66,0.47,0
229.6,46.27,26.70,30.40,-0.81,0.47,0
229.7,46.11,26.70,29.95,-0.83,0.47,0
229.8,45.80,26.45,30.40,-0.78,0.47,0
229.9,46.42,26.70,29.51,-0.85,0.47,0
230.0,46.27,26.94,30.40,-0.97,0.48,0
230.1,46.27,26.70,30.18,-0.97,0.47,0
230.2,46.42,26.70,30.62,-0.92,0.47,0
230.3,46.27,26.70,31.27,-0.63,0.47,0
230.4,46.27,26.70,29.73,-0.48,0.47,0
230.5,46.58,26.70,29.05,-0.68,0.47,0
230.6,46.27,26.45,29.95,-0.80,0.47,0
230.6,46.11,26.70,28.59,-0.86,0.47,0
230.7,46.42,26.20,30.18,-0.85,0.47,0
230.8,46.42,26.45,29.73,-0.76,0.47,0
230.9,46.42,26.70,29.73,-0.73,0.48,0
231.0,46.42,26.70,29.28,-0.86,0.47,0
231.1,46.42,26.94,29.73,-0.96,0.47,0
231.2,46.42,26.94,29.51,-0.94,0.47,0
231.3,46.42,26.70,29.51,-0.93,0.47,0
231.4,46.42,26.70,29.28,-0.93,0.47,0
231.5,46.42,26.70,31.27,-0.92,0.47,0
231.6,46.89,26.70,29.51,-0.93,0.47,0
231.7,46.58,26.70,30.84,-0.93,0.48,0
231.8,46.42,26.70,29.51,-0.93,0.47,0
231.8,46.42,26.45,28.13,-0.91,0.47,0
231.9,46.73,27.18,29.05,-0.88,0.47,0
232.0,46.42,26.70,29.28,-0.68,0.47,0
232.1,46.42,26.45,28.82,-0.63,0.47,0
232.2,46.42,26.70,30.40,-0.87,0.47,0
232.3,46.42,26.20,29.05,-0.94,0.47,0
232.4,46.58,26.70,29.05,-0.93,0.47,0
232.5,46.58,26.70,28.82,-0.90,0.47,0
232.6,46.58,26.70,29.05,-0.85,0.47,0
232.7,46.58,25.96,28.82,-0.90,0.47,0
232.8,46.58,26.70,28.82,-0.92,0.47,0
232.9,46.58,26.94,28.82,-0.93,0.47,0
232.9,46.73,26.70,28.82,-0.92,0.47,0
233.0,46.58,26.70,28.82,-0.82,0.47,0
233.1,46.58,26.70,28.59,-0.45,0.47,0
233.2,46.58,26.70,29.51,-0.51,0.47,0
233.3,46.73,26.70,28.59,-0.75,0.47,0
233.4,46.58,26.70,30.18,-0.85,0.47,0
233.5,46.73,26.20,28.59,-0.92,0.47,0
233.6,46.73,26.45,27.89,-0.95,0.47,0
233.7,46.73,26.45,28.59,-0.92,0.47,0
233.8,46.58,26.45,28.36,-0.91,0.47,0
233.9,46.58,26.45,28.82,-0.89,0.47,0
234.0,46.73,26.70,28.59,-0.88,0.47,0
234.1,46.27,26.45,28.59,-0.84,0.47,0
234.1,46.73,26.45,28.36,-0.89,0.47,0
234.2,46.89,26.20,28.36,-0.87,0.48,0
234.3,46.73,27.18,28.59,-0.60,0.47,0
234.4,47.04,26.94,28.36,-0.46,0.47,0
234.5,46.58,26.70,28.13,-0.64,0.47,0
234.6,46.73,26.70,28.59,-0.80,0.47,0
234.7,46.73,26.70,28.13,-0.86,0.47,0
234.8,46.73,26.45,27.66,-0.90,0.47,0
234.9,47.20,26.70,28.13,-0.92,0.47,0
235.0,46.73,26.94,28.13,-0.90,0.47,0
235.1,46.89,26.70,28.36,-0.88,0.47,0
235.1,46.89,26.20,26.45,-0.89,0.47,0
235.2,46.89,26.94,28.36,-0.88,0.47,0
235.3,46.89,26.70,28.36,-0.70,0.47,0
235.4,46.89,26.70,27.89,-0.43,0.47,0
235.5,46.89,26.70,28.13,-0.43,0.47,0
235.6,46.89,26.70,28.59,-0.48,0.47,0
235.7,46.89,26.70,29.05,-0.57,0.47,0
235.8,46.89,26.70,28.13,-0.70,0.47,0
235.9,46.89,26.94,28.36,-0.73,0.47,0
236.0,46.89,26.70,28.13,-0.75,0.47,0
236.1,46.89,26.45,28.13,-0.77,0.47,0
236.2,46.89,26.45,27.89,-0.78,0.47,0
236.2,46.89,26.70,27.66,-0.83,0.47,0
236.3,46.89,26.45,27.89,-0.86,0.47,0
236.4,47.04,26.45,27.89,-0.88,0.47,0
236.5,46.89,26.70,27.66,-0.89,0.47,0
236.6,46.73,26.70,28.13,-0.87,0.47,0
236.7,46.89,26.70,27.89,-0.79,0.47,0
236.8,47.04,26.94,27.89,-0.75,0.47,0
236.9,46.89,26.20,27.89,-0.87,0.47,0
237.0,47.04,26.70,27.42,-0.84,0.47,0
237.1,46.89,26.70,27.89,-0.87,0.47,0
237.2,47.04,26.45,27.66,-0.91,0.47,0
237.3,47.04,26.70,27.66,-0.94,0.47,0
237.4,46.89,26.45,27.66,-0.90,0.47,0
237.4,47.20,26.45,27.89,-0.82,0.47,0
237.5,47.04,26.70,27.89,-0.65,0.47,0
237.6,47.04,26.45,27.18,-0.51,0.47,0
237.7,47.35,26.45,27.66,-0.49,0.47,0
237.8,47.04,26.70,27.66,-0.55,0.47,0
237.9,47.35,26.94,27.89,-0.64,0.47,0
238.0,46.89,26.45,27.66,-0.72,0.47,0
238.1,47.04,26.70,27.66,-0.79,0.47,0
238.2,47.20,26.45,27.42,-0.75,0.47,0
238.3,47.04,26.45,27.42,-0.78,0.48,0
238.4,47.04,26.45,27.42,-0.83,0.47,0
238.5,47.04,26.20,27.42,-0.70,0.47,0
238.5,46.89,26.70,27.66,-0.52,0.47,0
238.6,46.89,26.70,25.71,-0.61,0.47,0
238.7,47.04,26.45,27.42,-0.62,0.47,0
238.8,47.04,26.70,27.42,-0.61,0.47,0
238.9,46.89,26.45,27.42,-0.62,0.48,0
239.0,47.04,26.45,27.42,-0.64,0.47,0
239.1,47.04,26.70,27.42,-0.68,0.47,0
239.2,47.20,26.70,27.42,-0.69,0.47,0
239.3,46.89,26.20,27.66,-0.70,0.47,0
239.4,47.20,26.45,27.89,-0.73,0.47,0
239.5,47.20,26.70,27.42,-0.75,0.47,0
239.6,47.04,26.70,27.66,-0.77,0.47,0
239.6,47.04,26.45,27.18,-0.79,0.47,0
239.7,47.35,26.45,28.59,-0.81,0.47,0
239.8,47.20,26.45,27.18,-0.84,0.47,0
239.9,47.20,26.45,27.18,-0.85,0.47,0
240.0,47.20,26.70,26.45,-0.87,0.47,0
240.1,47.20,26.70,27.18,-0.91,0.47,0
240.2,47.20,26.45,27.18,-0.82,0.47,0
240.3,47.20,26.20,26.70,-0.47,0.47,0
240.4,47.20,26.45,28.82,-0.36,0.47,0
240.5,46.89,26.20,27.42,-0.37,0.47,0
240.6,47.20,26.20,26.94,-0.37,0.47,0
240.7,47.51,26.45,27.18,-0.49,0.47,0
240.7,47.20,26.45,26.94,-0.56,0.47,0
240.8,47.20,26.20,27.18,-0.54,0.47,0
240.9,47.20,26.70,26.70,-0.56,0.47,0
241.0,47.20,26.45,26.94,-0.64,0.47,0
241.1,47.20,26.45,27.18,-0.71,0.47,0
241.2,47.04,26.20,26.94,-0.75,0.47,0
241.3,47.20,26.45,26.94,-0.79,0.47,0
241.4,47.20,26.45,28.36,-0.73,0.47,0
241.5,47.20,26.45,28.13,-0.82,0.47,0
241.6,47.20,26.45,26.70,-0.88,0.47,0
241.7,47.51,26.20,26.94,-0.70,0.47,0
241.8,47.20,26.45,26.94,-0.63,0.47,0
241.8,47.20,26.20,26.70,-0.85,0.47,0
241.9,47.04,26.45,28.36,-0.92,0.47,0
242.0,47.20,26.45,26.70,-0.67,0.48,0
242.1,47.20,26.45,26.70,-0.50,0.47,0
242.2,47.04,26.45,26.94,-0.63,0.47,0
242.3,47.20,26.20,26.70,-0.77,0.47,0
242.4,46.89,25.96,26.70,-0.78,0.47,0
242.5,47.20,26.20,26.70,-1.09,0.47,0
242.6,47.66,26.70,26.70,-2.62,0.47,0
242.7,47.20,26.20,26.70,-2.11,0.47,0
242.8,47.20,26.45,27.42,-1.75,0.47,0
242.9,47.35,26.94,26.70,-2.31,0.47,0
242.9,47.51,26.45,26.45,-2.10,0.47,0
243.0,47.35,26.45,26.45,-2.61,0.47,0
243.1,47.20,26.20,28.13,-2.40,0.47,0
243.2,47.35,26.20,26.45,-1.97,0.47,0
243.3,47.20,26.45,26.70,-1.98,0.47,0
243.4,47.20,26.45,26.45,-1.38,0.47,0
243.5,47.35,26.70,26.70,-0.89,0.47,0
243.6,47.20,26.45,26.70,-2.36,0.47,0
243.7,47.35,26.45,26.45,-1.67,0.47,0
243.8,47.20,26.45,26.70,-1.63,0.48,0
243.9,47.35,26.20,26.70,-1.54,0.47,0
244.0,47.35,26.45,26.70,-2.59,0.47,0
244.1,47.35,26.45,27.89,-4.31,0.47,0
244.2,47.51,26.20,26.45,-1.95,0.47,0
244.2,47.35,26.20,26.45,-2.61,0.48,0
244.3,47.04,26.20,26.45,-8.94,0.47,0
244.4,47.35,26.20,26.70,-8.73,0.47,0
244.5,47.35,26.70,25.96,-7.28,0.47,0
